296.156 13.772
296.345 82.772
296.534 21.772
296.723 29.772
296.912 33.772
297.101 27.772
297.290 11.772
297.479 13.772
297.668 39.771
297.858 -14.229
298.047 65.771
298.236 62.771
298.425 120.771
298.614 54.771
298.803 90.771
298.992 62.771
299.181 47.771
299.370 36.770
299.559 18.770
299.748 -8.230
299.937 29.770
300.126 62.770
300.315 9.770
300.504 35.770
300.693 66.770
300.882 41.769
301.071 -14.231
301.260 29.769
301.449 45.769
301.638 58.769
301.827 -9.231
302.016 43.769
302.205 81.769
302.395 63.768
302.584 48.768
302.773 17.768
302.962 66.768
303.151 75.768
303.340 56.768
303.529 31.768
303.718 86.768
303.907 88.767
304.096 86.767
304.285 65.767
304.474 -5.233
304.663 36.767
304.852 62.767
305.041 13.767
305.230 74.767
305.419 96.766
305.608 40.766
305.797 34.766
305.986 80.766
306.175 45.766
306.364 28.766
306.553 24.766
306.743 39.766
306.932 56.765
307.121 68.765
307.310 77.765
307.499 64.765
307.688 87.765
307.877 57.765
308.066 19.765
308.255 77.765
308.444 -74.235
308.633 11.764
308.822 36.764
309.011 56.764
309.200 69.764
309.389 47.764
309.578 53.764
309.767 19.764
309.956 30.764
310.145 75.763
310.334 56.763
310.523 39.763
310.712 43.763
310.901 52.763
311.091 57.763
311.280 62.763
311.469 71.762
311.658 79.762
311.847 88.762
312.036 76.762
312.225 43.762
312.414 66.762
312.603 63.762
312.792 85.762
312.981 59.761
313.170 45.761
313.349 58.761
313.527 76.761
313.706 46.761
313.884 44.761
314.063 46.761
314.241 57.761
314.420 55.760
314.598 82.760
314.777 107.760
314.955 30.760
315.134 79.760
315.312 60.760
315.491 78.760
315.669 117.760
315.848 83.759
316.027 128.759
316.205 73.759
316.384 54.759
316.562 68.759
316.741 71.759
316.919 102.759
317.098 56.759
317.276 0.758
317.455 58.758
317.633 128.758
317.812 119.758
317.990 116.758
318.169 116.758
318.347 26.758
318.526 78.757
318.705 68.757
318.883 45.757
319.062 71.757
319.240 68.757
319.419 111.757
319.597 93.757
319.776 119.757
319.954 103.756
320.133 94.756
320.311 69.756
320.490 45.756
320.668 91.756
320.847 80.756
321.025 63.756
321.204 122.756
321.382 68.755
321.561 44.755
321.740 94.755
321.918 107.755
322.097 71.755
322.275 33.755
322.454 64.755
322.632 87.754
322.811 107.754
322.989 67.754
323.168 132.754
323.346 64.754
323.525 73.754
323.703 107.754
323.882 54.754
324.060 72.753
324.239 32.753
324.418 85.753
324.596 112.753
324.775 98.753
324.953 61.753
325.132 150.753
325.310 98.752
325.489 50.752
325.667 102.752
325.846 40.752
326.024 65.752
326.203 76.752
326.381 170.752
326.560 136.752
326.738 115.751
326.917 101.751
327.096 126.751
327.274 95.751
327.453 137.751
327.631 96.751
327.810 128.751
327.988 89.750
328.167 130.750
328.345 135.750
328.524 115.750
328.702 104.750
328.881 113.750
329.059 120.750
329.238 70.749
329.416 82.749
329.595 116.749
329.774 137.749
329.952 68.749
330.131 117.749
330.309 151.749
330.488 97.749
330.666 51.748
330.845 129.748
331.023 138.748
331.202 90.748
331.380 150.748
331.559 71.748
331.737 126.748
331.916 121.747
332.094 103.747
332.273 73.747
332.452 112.747
332.630 85.747
332.809 120.747
332.987 146.747
333.166 117.746
333.344 150.746
333.523 134.746
333.701 114.746
333.880 107.746
334.058 98.746
334.237 44.746
334.415 91.745
334.594 99.745
334.772 133.745
334.951 150.745
335.129 119.745
335.308 125.745
335.487 73.745
335.665 112.744
335.844 74.744
336.022 100.744
336.201 94.744
336.379 111.744
336.558 78.744
336.736 114.744
336.915 137.743
337.093 103.743
337.272 106.743
337.450 100.743
337.629 121.743
337.807 93.743
337.986 128.743
338.165 103.742
338.343 113.742
338.522 104.742
338.700 116.742
338.879 117.742
339.057 54.742
339.236 103.742
339.414 105.741
339.593 101.741
339.771 93.741
339.950 111.741
340.128 132.741
340.307 138.741
340.485 144.741
340.664 120.740
340.843 165.740
341.021 163.740
341.200 173.740
341.378 186.740
341.557 127.740
341.735 134.740
341.914 148.739
342.092 106.739
342.271 112.739
342.449 96.739
342.628 122.739
342.806 72.739
342.985 57.739
343.163 112.738
343.342 119.738
343.521 149.738
343.699 146.738
343.878 98.738
344.056 128.738
344.235 62.738
344.413 106.737
344.592 138.737
344.770 123.737
344.949 139.737
345.127 119.737
345.306 121.737
345.484 168.737
345.663 101.736
345.841 154.736
346.020 112.736
346.199 114.736
346.377 105.736
346.556 189.736
346.734 170.736
346.913 143.735
347.091 151.735
347.270 152.735
347.448 120.735
347.627 130.735
347.805 140.735
347.984 133.734
348.162 90.734
348.341 119.734
348.519 129.734
348.698 137.734
348.876 151.734
349.055 77.734
349.234 139.733
349.412 122.733
349.591 77.733
349.769 94.733
349.948 125.733
350.126 134.733
350.305 143.733
350.483 109.732
350.662 116.732
350.840 107.732
351.019 111.732
351.197 113.732
351.376 129.732
351.554 110.731
351.733 167.731
351.912 158.731
352.090 192.731
352.269 124.731
352.447 146.731
352.626 145.731
352.804 130.730
352.983 105.730
353.161 92.730
353.340 82.730
353.518 173.730
353.697 137.730
353.875 133.729
354.054 89.729
354.232 99.729
354.411 98.729
354.590 125.729
354.768 93.729
354.947 84.729
355.125 139.728
355.304 119.728
355.482 144.728
355.661 114.728
355.839 90.728
356.018 83.728
356.196 170.727
356.375 103.727
356.553 122.727
356.732 127.727
356.910 137.727
357.089 123.727
357.268 155.727
357.446 192.726
357.625 153.726
357.803 150.726
357.982 101.726
358.160 116.726
358.339 84.726
358.517 150.725
358.696 176.725
358.874 131.725
359.053 145.725
359.231 153.725
359.410 118.725
359.588 130.724
359.767 109.724
359.945 121.724
360.124 179.724
360.303 154.724
360.481 110.724
360.660 155.724
360.838 121.723
361.017 80.723
361.195 96.723
361.374 154.723
361.552 137.723
361.731 71.723
361.909 138.722
362.088 131.722
362.266 146.722
362.445 142.722
362.623 144.722
362.802 87.722
362.981 114.721
363.159 100.721
363.338 150.721
363.516 107.721
363.695 100.721
363.873 118.721
364.052 83.721
364.230 147.720
364.409 152.720
364.587 85.720
364.766 89.720
364.944 138.720
365.123 137.720
365.301 179.719
365.480 117.719
365.660 112.719
365.839 142.719
366.019 148.719
366.199 141.719
366.379 99.718
366.558 145.718
366.738 100.718
366.918 118.718
367.098 170.718
367.277 173.718
367.457 149.717
367.637 123.717
367.816 138.717
367.996 100.717
368.176 137.717
368.356 111.717
368.535 109.716
368.715 95.716
368.895 198.716
369.075 163.716
369.254 119.716
369.434 147.716
369.614 155.715
369.793 120.715
369.973 143.715
370.153 134.715
370.333 152.715
370.512 129.715
370.692 127.714
370.872 156.714
371.051 137.714
371.231 114.714
371.411 97.714
371.591 116.714
371.770 97.713
371.950 102.713
372.130 146.713
372.310 175.713
372.489 100.713
372.669 83.713
372.849 106.712
373.028 141.712
373.208 150.712
373.388 89.712
373.568 115.712
373.747 149.712
373.927 204.711
374.107 147.711
374.287 111.711
374.466 118.711
374.646 154.711
374.826 121.711
375.005 111.710
375.185 122.710
375.365 90.710
375.545 137.710
375.724 117.710
375.904 131.710
376.084 145.709
376.263 74.709
376.443 132.709
376.623 78.709
376.803 96.709
376.982 112.709
377.162 169.708
377.342 171.708
377.522 145.708
377.701 161.708
377.881 152.708
378.061 143.708
378.240 186.707
378.420 103.707
378.600 127.707
378.780 118.707
378.959 96.707
379.139 94.706
379.319 114.706
379.499 72.706
379.678 133.706
379.858 139.706
380.038 131.706
380.217 175.705
380.397 118.705
380.577 141.705
380.757 102.705
380.936 127.705
381.116 104.705
381.296 130.704
381.476 80.704
381.655 70.704
381.835 100.704
382.015 141.704
382.194 161.704
382.374 135.703
382.554 170.703
382.734 112.703
382.913 86.703
383.093 134.703
383.273 84.702
383.452 113.702
383.632 108.702
383.812 127.702
383.992 86.702
384.171 128.702
384.351 206.701
384.531 142.701
384.711 126.701
384.890 138.701
385.070 169.701
385.250 140.700
385.429 110.700
385.609 99.700
385.789 98.700
385.969 157.700
386.148 147.700
386.328 124.699
386.508 204.699
386.688 157.699
386.867 94.699
387.047 157.699
387.227 98.699
387.406 132.698
387.586 156.698
387.766 144.698
387.946 174.698
388.125 174.698
388.305 104.697
388.485 115.697
388.664 142.697
388.844 172.697
389.024 161.697
389.204 146.697
389.383 159.696
389.563 155.696
389.743 162.696
389.923 170.696
390.102 84.696
390.282 135.695
390.462 149.695
390.641 99.695
390.821 142.695
391.001 141.695
391.181 154.695
391.360 109.694
391.540 127.694
391.720 157.694
391.900 117.694
392.079 110.694
392.259 131.693
392.439 164.693
392.618 188.693
392.798 116.693
392.978 182.693
393.158 150.692
393.337 113.692
393.517 144.692
393.697 135.692
393.877 144.692
394.056 172.692
394.236 171.691
394.416 172.691
394.595 128.691
394.775 215.691
394.955 197.691
395.135 141.690
395.314 171.690
395.494 150.690
395.674 163.690
395.853 149.690
396.033 110.689
396.213 135.689
396.393 157.689
396.572 157.689
396.752 168.689
396.932 173.689
397.112 187.688
397.291 164.688
397.471 140.688
397.651 171.688
397.830 166.688
398.010 141.687
398.190 206.687
398.370 228.687
398.549 178.687
398.729 173.687
398.909 183.686
399.089 165.686
399.268 158.686
399.448 117.686
399.628 202.686
399.807 130.685
399.987 186.685
400.167 203.685
400.347 215.685
400.526 178.685
400.706 215.685
400.886 211.684
401.065 202.684
401.245 200.684
401.425 211.684
401.605 200.684
401.784 245.683
401.964 185.683
402.144 242.683
402.324 235.683
402.503 265.683
402.683 208.682
402.863 190.682
403.042 239.682
403.222 258.682
403.402 238.682
403.582 271.681
403.761 253.681
403.941 210.681
404.121 290.681
404.301 222.681
404.480 291.680
404.660 215.680
404.844 266.680
405.029 281.680
405.213 259.680
405.398 256.679
405.582 351.679
405.767 266.679
405.951 234.679
406.136 288.679
406.320 289.678
406.505 330.678
406.689 300.678
406.874 375.678
407.058 370.678
407.243 341.677
407.427 339.677
407.612 360.677
407.796 369.677
407.981 351.677
408.165 341.676
408.350 354.676
408.534 347.676
408.719 449.676
408.903 385.676
409.088 374.675
409.272 384.675
409.457 392.675
409.641 411.675
409.826 458.675
410.010 408.674
410.195 417.674
410.379 395.674
410.564 440.674
410.748 486.674
410.933 449.673
411.117 478.673
411.302 474.673
411.486 440.673
411.671 528.673
411.855 571.672
412.040 526.672
412.224 536.672
412.409 600.672
412.593 630.672
412.778 562.671
412.962 602.671
413.147 600.671
413.331 605.671
413.516 558.671
413.700 609.670
413.885 573.670
414.069 602.670
414.254 631.670
414.438 697.670
414.623 626.669
414.807 697.669
414.992 709.669
415.176 685.669
415.361 696.669
415.545 788.668
415.730 719.668
415.914 761.668
416.099 817.668
416.283 820.667
416.468 833.667
416.652 822.667
416.837 863.667
417.021 853.667
417.206 925.666
417.390 859.666
417.575 924.666
417.759 947.666
417.944 940.666
418.128 1043.665
418.313 1083.665
418.497 992.665
418.682 980.665
418.866 1059.665
419.051 1104.664
419.235 1100.664
419.420 1166.664
419.604 1113.664
419.789 1116.663
419.973 1206.663
420.158 1219.663
420.342 1308.663
420.527 1267.663
420.711 1296.662
420.896 1345.662
421.080 1415.662
421.265 1459.662
421.449 1386.662
421.634 1430.661
421.818 1427.661
422.003 1435.661
422.187 1545.661
422.372 1605.660
422.556 1607.660
422.741 1601.660
422.925 1564.660
423.110 1693.660
423.294 1775.659
423.479 1834.659
423.663 1793.659
423.848 1857.659
424.032 1830.659
424.217 1941.658
424.401 1961.658
424.586 1954.658
424.770 1997.658
424.955 2033.657
425.139 2162.657
425.324 2068.657
425.508 2262.657
425.693 2185.657
425.877 2335.656
426.062 2318.656
426.246 2398.656
426.431 2514.656
426.615 2506.655
426.800 2541.655
426.984 2622.655
427.169 2703.655
427.353 2650.655
427.538 2753.654
427.722 2814.654
427.907 2865.654
428.091 2899.654
428.276 2973.653
428.460 2991.653
428.645 3069.653
428.829 3117.653
429.014 3144.653
429.198 3234.652
429.383 3216.652
429.567 3488.652
429.752 3480.652
429.936 3464.651
430.121 3568.651
430.305 3660.651
430.490 3764.651
430.674 3761.651
430.859 3949.650
431.043 4024.650
431.228 4073.650
431.412 4075.650
431.597 4134.649
431.781 4284.649
431.966 4273.649
432.150 4344.649
432.335 4533.649
432.519 4543.648
432.704 4715.648
432.888 4721.648
433.073 4798.648
433.257 4888.647
433.442 4931.647
433.626 5138.647
433.811 5204.647
433.995 5276.646
434.180 5280.646
434.364 5405.646
434.549 5362.646
434.733 5506.646
434.918 5694.645
435.102 5842.645
435.287 5881.645
435.471 5881.645
435.656 6003.644
435.840 6221.644
436.030 6278.644
436.219 6436.644
436.409 6425.643
436.599 6726.643
436.789 6775.643
436.978 6798.643
437.168 7091.643
437.358 7043.642
437.548 7204.642
437.737 7431.642
437.927 7361.642
438.117 7561.641
438.306 7657.641
438.496 7735.641
438.686 7979.641
438.876 8077.640
439.065 8138.640
439.255 8421.640
439.445 8572.640
439.634 8656.640
439.824 8657.639
440.014 8870.639
440.204 9165.639
440.393 9272.639
440.583 9372.638
440.773 9653.638
440.963 9552.638
441.152 9792.638
441.342 10205.637
441.532 10303.637
441.721 10368.637
441.911 10630.637
442.101 10857.636
442.291 11042.636
442.480 11105.636
442.670 11281.636
442.860 11510.635
443.050 11627.635
443.239 11971.635
443.429 12130.635
443.619 12307.635
443.808 12512.634
443.998 12614.634
444.188 12901.634
444.378 13082.634
444.567 13420.633
444.757 13483.633
444.947 13727.633
445.137 13889.633
445.326 14170.632
445.516 14213.632
445.706 14671.632
445.895 14933.632
446.085 15005.631
446.275 15281.631
446.465 15546.631
446.654 15705.631
446.844 15973.630
447.034 16388.630
447.223 16641.630
447.413 16718.630
447.603 17029.629
447.793 17097.629
447.982 17390.629
448.172 17653.629
448.362 18056.628
448.552 18221.628
448.741 18441.628
448.931 18643.628
449.121 18731.627
449.310 19035.627
449.500 19387.627
449.690 19801.627
449.880 19936.626
450.069 20257.626
450.259 20553.626
450.449 20716.626
450.639 21109.625
450.828 21247.625
451.018 21245.625
451.208 21556.625
451.397 21992.624
451.587 22164.624
451.777 22332.624
451.967 22732.624
452.156 22919.623
452.346 23160.623
452.536 23493.623
452.725 23799.623
452.915 24026.622
453.105 24438.622
453.295 24525.622
453.484 24922.622
453.674 25080.621
453.864 25363.621
454.054 25580.621
454.243 26033.621
454.433 25942.620
454.623 26433.620
454.812 26582.620
455.002 27019.620
455.192 27276.619
455.382 27386.619
455.571 27656.619
455.761 27889.619
455.951 28124.618
456.141 28530.618
456.330 28772.618
456.520 29095.618
456.710 29196.617
456.899 29593.617
457.089 29740.617
457.279 30127.617
457.469 30493.616
457.658 30658.616
457.848 30833.616
458.038 31062.616
458.228 31272.615
458.417 31576.615
458.607 31741.615
458.797 31948.615
458.986 32230.614
459.176 32433.614
459.366 32569.614
459.556 32886.613
459.745 33161.613
459.935 33275.613
460.125 33475.613
460.314 33772.612
460.504 34014.612
460.694 34402.612
460.884 34619.612
461.073 34465.611
461.263 35001.611
461.453 35202.611
461.643 35398.611
461.832 35691.610
462.022 36079.610
462.212 35869.610
462.401 36186.610
462.591 36703.609
462.781 36925.609
462.971 36979.609
463.160 37388.608
463.350 37513.608
463.540 37590.608
463.730 37942.608
463.919 37989.607
464.109 38270.607
464.299 38405.607
464.488 38798.607
464.678 39133.606
464.868 39306.606
465.058 39365.606
465.247 39726.606
465.437 39610.605
465.627 40147.605
465.816 40406.605
466.006 40517.604
466.196 40342.604
466.386 40900.604
466.575 41034.604
466.765 41152.603
466.955 41236.603
467.145 41709.603
467.334 41685.603
467.524 42103.602
467.714 42385.602
467.903 42646.602
468.093 42818.601
468.283 42961.601
468.473 43199.601
468.662 43030.601
468.852 43635.600
469.042 43640.600
469.232 43762.600
469.421 44097.600
469.611 44192.599
469.801 44397.599
469.990 44472.599
470.180 44606.598
470.370 44819.598
470.560 44860.598
470.749 44980.598
470.939 45377.597
471.129 45445.597
471.318 45472.597
471.508 45753.597
471.698 45604.596
471.888 46060.596
472.077 46068.596
472.267 46052.595
472.457 46028.595
472.647 46034.595
472.836 46315.595
473.026 46530.594
473.216 46485.594
473.405 46600.594
473.595 46642.593
473.785 46813.593
473.975 46931.593
474.164 47193.593
474.354 47004.592
474.544 47170.592
474.734 47046.592
474.923 46935.591
475.113 47007.591
475.303 47229.591
475.492 47033.591
475.682 47014.590
475.872 46937.590
476.062 47078.590
476.251 46804.589
476.441 46852.589
476.631 46855.589
476.821 46573.589
477.010 46169.588
477.200 46390.588
477.390 46280.588
477.579 46578.587
477.769 46582.587
477.959 46264.587
478.149 46103.587
478.338 46263.586
478.528 46113.586
478.718 46160.586
478.907 45609.585
479.097 45445.585
479.287 45642.585
479.477 45565.585
479.666 45171.584
479.856 44851.584
480.046 44520.584
480.236 44733.583
480.425 44238.583
480.615 44076.583
480.805 43862.583
480.994 43679.582
481.184 43151.582
481.374 43095.582
481.564 42974.581
481.753 42834.581
481.943 42276.581
482.133 42068.580
482.323 41887.580
482.512 41468.580
482.702 41199.580
482.892 41018.579
483.081 40626.579
483.271 40440.579
483.461 39888.578
483.651 39667.578
483.840 39186.578
484.030 39102.577
484.220 38837.577
484.409 38336.577
484.599 38156.577
484.789 37702.576
484.979 37620.576
485.168 37379.576
485.358 36747.575
485.548 36661.575
485.738 36461.575
485.927 36119.574
486.117 35567.574
486.307 35443.574
486.496 35054.574
486.686 34917.573
486.876 34636.573
487.066 34225.573
487.255 33761.572
487.445 33496.572
487.635 33130.572
487.825 33018.571
488.014 32488.571
488.204 31940.571
488.394 31727.571
488.583 31380.570
488.773 31066.570
488.963 30760.570
489.153 30618.569
489.342 30248.569
489.532 29845.569
489.722 29475.568
489.912 29188.568
490.101 28917.568
490.291 28616.567
490.481 28074.567
490.670 28016.567
490.860 27921.567
491.050 27529.566
491.240 26908.566
491.429 26885.566
491.619 26446.565
491.809 26082.565
491.998 25879.565
492.188 25299.564
492.378 25179.564
492.568 24915.564
492.757 24730.563
492.947 24370.563
493.137 24066.563
493.327 23814.563
493.516 23470.562
493.706 23204.562
493.896 23228.562
494.085 22669.561
494.275 22390.561
494.465 22207.561
494.655 21933.560
494.844 21655.560
495.034 21416.560
495.224 21049.559
495.414 20936.559
495.603 20798.559
495.793 20332.558
495.983 20078.558
496.172 20033.558
496.362 19586.557
496.552 19399.557
496.742 19342.843
496.931 18847.472
497.121 18737.394
497.311 18609.678
497.500 18187.865
497.690 17936.193
497.880 17722.606
498.070 17704.105
498.259 17477.349
498.449 17289.501
498.639 17227.146
498.829 16792.867
499.018 16767.505
499.208 16489.737
499.398 16197.794
499.587 15863.152
499.777 15787.796
499.967 15629.335
500.157 15463.357
500.346 15235.142
500.536 15002.493
500.726 14993.701
500.916 14502.000
501.105 14275.389
501.295 14229.580
501.485 14060.904
501.674 13988.849
501.864 13844.891
502.054 13522.398
502.244 13132.699
502.433 13243.250
502.623 13079.172
502.813 13002.470
503.003 12866.679
503.192 12662.350
503.382 12460.800
503.572 12337.737
503.761 12189.481
503.951 12076.035
504.141 11888.232
504.331 11704.302
504.520 11658.803
504.710 11379.035
504.900 11308.367
505.089 11134.117
505.279 11006.339
505.469 10942.385
505.659 10804.788
505.848 10534.439
506.038 10567.384
506.228 10349.361
506.418 10336.764
506.607 10062.538
506.797 9917.189
506.987 9673.972
507.176 9686.568
507.366 9468.091
507.556 9418.720
507.746 9325.472
507.935 9339.011
508.125 9022.741
508.315 8814.225
508.505 8835.460
508.694 8707.363
508.884 8593.573
509.074 8399.745
509.263 8405.530
509.453 8216.523
509.643 8006.301
509.833 8023.659
510.022 7865.510
510.212 7585.457
510.402 7638.545
510.592 7493.268
510.781 7362.833
510.971 7402.835
511.161 7252.209
511.350 7262.143
511.540 7047.995
511.730 6931.649
511.920 6812.165
512.109 6731.321
512.299 6721.603
512.489 6525.806
512.678 6405.578
512.868 6405.973
513.058 6333.198
513.248 6199.539
513.437 6024.929
513.627 6128.570
513.817 5879.303
514.007 5796.014
514.196 5721.377
514.386 5768.389
514.576 5600.515
514.765 5471.103
514.955 5432.311
515.145 5451.937
515.335 5314.547
515.524 5122.322
515.714 5141.968
515.904 5050.612
516.094 5048.647
516.283 5080.080
516.473 4830.405
516.663 4860.886
516.852 4854.003
517.042 4712.410
517.232 4617.031
517.422 4639.646
517.611 4404.641
517.801 4478.386
517.991 4471.503
518.180 4432.597
518.370 4334.171
518.560 4377.478
518.750 4209.171
518.939 4089.004
519.129 4108.669
519.319 4096.869
519.509 3989.691
519.698 3887.429
519.888 3911.115
520.078 3905.221
520.267 3857.087
520.457 3924.866
520.647 3802.270
520.837 3668.806
521.026 3620.111
521.216 3681.875
521.406 3615.208
521.596 3564.654
521.785 3524.497
521.975 3429.071
522.165 3386.018
522.354 3332.855
522.544 3217.507
522.734 3367.685
522.924 3217.294
523.113 3212.204
523.303 3061.959
523.493 3157.415
523.683 3026.811
523.872 3001.468
524.062 2984.929
524.252 2945.045
524.441 2881.930
524.631 2757.773
524.821 2781.286
525.011 2675.877
525.200 2768.900
525.390 2769.123
525.580 2700.681
525.769 2639.134
525.959 2614.385
526.149 2570.398
526.339 2491.813
526.528 2516.364
526.718 2457.653
526.908 2337.982
527.098 2301.154
527.287 2264.396
527.477 2261.266
527.667 2199.712
527.856 2166.985
528.046 2092.343
528.236 1968.928
528.426 1946.990
528.615 1880.132
528.805 1889.788
528.995 1906.963
529.185 1817.442
529.374 1759.291
529.564 1731.645
529.754 1653.145
529.943 1584.442
530.133 1569.174
530.323 1599.326
530.513 1596.074
530.702 1508.120
530.892 1487.062
531.082 1469.312
531.271 1502.392
531.461 1507.677
531.651 1473.043
531.841 1434.963
532.030 1443.524
532.220 1415.368
532.410 1396.793
532.600 1449.990
532.789 1438.219
532.979 1321.139
533.169 1410.633
533.358 1344.900
533.548 1346.897
533.738 1289.565
533.928 1248.755
534.117 1330.194
534.307 1399.491
534.497 1327.863
534.687 1298.693
534.876 1291.030
535.066 1369.376
535.256 1248.236
535.445 1285.769
535.635 1278.039
535.825 1243.457
536.015 1272.847
536.204 1312.356
536.394 1244.191
536.584 1247.461
536.773 1307.246
536.963 1207.556
537.153 1167.321
537.343 1223.157
537.532 1212.238
537.722 1224.396
537.912 1178.803
538.102 1230.708
538.291 1084.663
538.481 1175.940
538.671 1277.641
538.860 1127.387
539.050 1053.275
539.240 1044.138
539.430 1025.863
539.619 1032.969
539.809 1119.263
539.999 1073.503
540.189 999.466
540.378 1029.891
540.568 1051.189
540.758 1005.550
540.947 955.854
541.137 979.180
541.327 995.407
541.517 1031.917
541.706 1006.562
541.896 991.340
542.086 997.431
542.276 930.425
542.465 919.257
542.655 907.996
542.845 892.752
543.034 898.849
543.224 889.590
543.414 887.555
543.604 820.413
543.793 928.246
543.983 911.969
544.173 947.520
544.362 834.485
544.552 811.063
544.742 831.429
544.932 813.099
545.121 853.831
545.311 793.750
545.501 846.702
545.691 832.445
545.880 773.382
546.070 818.188
546.264 800.876
546.459 764.215
546.653 771.343
546.847 733.665
547.041 736.719
547.236 753.012
547.430 762.177
547.624 778.469
547.818 751.992
548.013 720.424
548.207 720.138
548.401 710.964
548.596 694.653
548.790 719.118
548.984 686.177
549.178 617.810
549.373 640.258
549.567 632.094
549.761 613.727
549.956 718.828
550.150 679.032
550.344 574.950
550.538 609.643
550.733 544.337
550.927 598.418
551.121 573.343
551.315 608.001
551.510 613.097
551.704 538.683
551.898 621.251
552.093 597.805
552.287 540.720
552.481 525.429
552.675 544.797
552.870 592.706
553.064 579.882
553.258 543.222
553.453 609.413
553.647 550.350
553.841 502.488
554.035 516.744
554.230 592.515
554.424 548.771
554.618 566.064
554.812 596.582
555.007 529.441
555.201 510.609
555.395 487.235
555.590 492.316
555.784 512.641
555.978 449.175
556.172 468.464
556.367 532.423
556.561 443.648
556.755 485.229
556.949 451.302
557.144 439.144
557.338 469.063
557.532 475.136
557.727 448.366
557.921 439.265
558.115 468.114
558.309 402.051
558.504 380.860
558.698 429.870
558.892 449.023
559.087 449.578
559.281 434.034
559.475 398.822
559.669 354.200
559.864 382.340
560.058 355.852
560.252 371.542
560.446 372.545
560.641 355.137
560.835 374.175
561.029 372.799
561.224 347.425
561.418 372.425
561.612 345.079
561.806 371.053
562.001 339.744
562.195 409.604
562.389 389.643
562.584 366.323
562.778 292.544
562.972 363.965
563.166 337.072
563.361 346.036
563.555 344.043
563.749 296.935
563.943 310.864
564.138 351.660
564.332 324.794
564.526 302.903
564.721 350.663
564.915 306.577
565.109 278.743
565.303 301.606
565.498 358.265
565.692 324.468
565.886 337.390
566.081 312.538
566.275 269.526
566.469 282.435
566.663 263.567
566.858 308.254
567.052 286.406
567.246 269.524
567.440 289.384
567.635 309.245
567.829 303.286
568.023 310.237
568.218 337.049
568.412 317.187
568.606 303.284
568.800 286.402
568.995 255.871
569.189 297.620
569.383 348.662
569.577 273.039
569.772 245.178
569.966 278.290
570.160 249.405
570.355 281.277
570.549 306.483
570.743 243.671
570.937 253.893
571.132 272.855
571.326 306.094
571.520 230.169
571.715 291.399
571.909 251.399
572.103 296.695
572.297 248.646
572.492 212.823
572.686 287.973
572.880 216.044
573.074 269.203
573.269 247.385
573.463 255.673
573.657 215.471
573.852 323.334
574.046 214.681
574.240 193.749
574.434 226.981
574.629 195.959
574.823 205.031
575.017 219.365
575.212 225.646
575.406 199.383
575.600 207.673
575.794 245.332
575.989 234.198
576.183 227.343
576.377 233.658
576.571 252.169
576.766 227.803
576.960 272.749
577.159 281.165
577.357 235.625
577.556 303.143
577.755 231.003
577.953 203.868
578.152 235.806
578.350 203.260
578.549 223.981
578.748 314.559
578.946 236.530
579.145 199.773
579.344 216.217
579.542 220.327
579.741 225.234
579.940 257.061
580.138 190.960
580.337 178.481
580.535 190.179
580.734 181.645
580.933 194.289
581.131 205.844
581.330 244.575
581.529 203.595
581.727 191.948
581.926 198.174
582.125 196.585
582.323 213.662
582.522 223.907
582.721 255.537
582.919 215.491
583.118 200.948
583.316 190.603
583.515 151.136
583.714 132.267
583.912 197.647
584.111 173.931
584.310 162.852
584.508 202.651
584.707 221.401
584.906 170.357
585.104 198.631
585.303 192.543
585.501 165.586
585.700 204.328
585.899 198.259
586.097 144.281
586.296 168.742
586.495 170.633
586.693 172.525
586.892 206.583
587.091 200.906
587.289 221.719
587.488 157.386
587.686 84.618
587.885 168.110
588.084 170.005
588.282 177.756
588.481 143.736
588.680 184.571
588.878 164.784
589.077 154.327
589.276 138.299
589.474 101.190
589.673 107.953
589.871 131.762
590.070 175.738
590.269 175.738
590.467 168.111
590.666 140.599
590.865 219.797
591.063 208.346
591.262 141.552
591.461 153.956
591.659 108.154
591.858 168.428
592.056 218.093
592.255 224.779
592.454 183.708
592.652 167.471
592.851 177.021
593.050 180.841
593.248 133.085
593.447 227.641
593.646 177.019
593.844 134.039
594.043 171.451
594.241 116.957
594.440 147.550
594.639 139.901
594.837 125.560
595.036 115.043
595.235 168.580
595.433 197.260
595.632 169.697
595.831 177.352
596.029 154.385
596.228 125.676
596.427 116.106
596.625 153.426
596.824 154.383
597.022 109.406
597.221 120.889
597.420 109.405
597.618 174.476
597.817 181.174
598.016 131.413
598.214 142.759
598.413 159.967
598.612 176.218
598.810 155.185
599.009 162.833
599.207 159.008
599.406 132.239
599.605 125.546
599.803 166.496
600.002 171.271
600.201 207.564
600.399 160.763
600.598 147.391
600.797 172.223
600.995 155.986
601.194 85.307
601.392 128.287
601.591 150.254
601.790 135.926
601.988 111.093
602.187 150.108
602.386 148.199
602.584 133.886
602.783 173.007
602.982 165.373
603.180 154.729
603.379 161.401
603.577 131.849
603.776 131.848
603.975 143.151
604.173 144.102
604.372 101.245
604.571 110.768
604.769 114.577
604.968 101.243
605.167 215.323
605.365 154.428
605.564 202.001
605.762 162.990
605.961 204.660
606.160 104.849
606.358 119.107
606.557 108.650
606.756 111.395
606.954 167.425
607.153 139.884
607.352 181.669
607.550 141.782
607.749 159.825
607.948 158.875
608.146 137.032
608.345 128.485
608.543 100.848
608.742 112.232
608.941 147.336
609.139 127.411
609.338 132.155
609.537 181.490
609.735 139.744
609.934 143.538
610.133 135.947
610.331 47.711
610.530 78.071
610.728 103.687
610.927 116.021
611.126 117.080
611.324 170.261
611.523 142.720
611.722 164.562
611.920 150.316
612.119 152.215
612.318 100.932
612.516 92.472
612.715 167.567
612.913 180.874
613.112 157.259
613.311 142.034
613.509 142.034
613.708 137.406
613.907 138.358
614.105 111.691
614.304 138.489
614.503 171.853
614.701 161.520
614.900 173.924
615.098 152.122
615.297 152.122
615.496 189.551
615.694 163.738
615.893 126.574
616.092 145.712
616.290 184.165
616.489 185.299
616.688 168.041
616.886 192.194
617.085 132.820
617.283 147.228
617.482 134.869
617.681 123.330
617.879 144.622
618.078 111.898
618.277 161.138
618.475 126.455
618.674 153.578
618.873 193.114
619.071 132.489
619.270 100.635
619.468 120.055
619.667 130.683
619.866 131.775
620.064 165.784
620.263 173.528
620.462 144.626
620.660 135.066
620.859 176.772
621.058 179.856
621.256 179.855
621.455 126.579
621.654 122.811
621.852 143.238
622.051 161.877
622.249 155.061
622.448 162.034
622.647 120.240
622.845 143.654
623.044 131.098
623.243 161.371
623.441 174.236
623.640 119.611
623.839 132.331
624.037 158.904
624.236 142.253
624.434 91.411
624.633 182.766
624.832 198.467
625.030 92.571
625.229 84.712
625.428 112.327
625.626 99.641
625.825 110.467
626.024 127.324
626.222 123.382
626.421 115.614
626.619 161.137
626.818 192.726
627.017 184.022
627.215 169.199
627.414 192.116
627.613 128.811
627.811 200.225
628.010 163.591
628.209 170.690
628.407 191.502
628.606 165.897
628.804 153.992
629.003 126.213
629.202 126.338
629.400 124.351
629.599 162.086
629.798 157.276
629.996 147.335
630.195 153.299
630.394 151.461
630.592 186.286
630.791 153.449
630.990 139.518
631.188 163.398
631.387 145.487
631.585 176.332
631.784 185.286
631.983 157.425
632.181 146.479
632.380 158.418
632.579 195.233
632.777 153.595
632.976 143.634
633.175 145.625
633.373 142.636
633.572 165.544
633.770 146.765
633.969 125.827
634.168 117.850
634.366 172.685
634.565 175.850
634.764 119.961
634.962 106.987
635.161 94.012
635.360 120.957
635.558 171.855
635.757 171.854
635.955 118.959
636.154 168.858
636.353 122.949
636.551 172.849
636.750 102.988
636.949 114.963
637.147 124.942
637.346 152.885
637.545 104.981
637.743 128.932
637.942 116.955
638.140 86.016
638.339 144.753
638.538 107.863
638.736 140.763
638.935 170.673
639.134 58.010
639.332 84.929
639.531 107.859
639.730 154.718
639.928 150.729
640.127 134.776
640.325 83.928
640.524 87.915
640.723 109.848
640.921 108.850
641.120 66.909
641.319 112.725
641.517 79.855
641.716 107.743
641.915 50.969
642.113 134.634
642.312 79.773
642.510 75.792
642.709 103.652
642.908 94.696
643.106 113.487
643.305 116.469
643.504 93.605
643.702 138.336
643.901 132.239
644.100 78.614
644.298 117.342
644.497 102.344
644.696 72.581
644.894 96.390
645.093 84.400
645.291 63.587
645.490 72.506
645.689 72.433
645.887 147.680
646.086 126.887
646.285 93.223
646.483 89.173
646.682 53.564
646.881 116.867
647.079 58.450
647.278 95.011
647.476 61.413
647.675 76.159
647.874 89.979
648.072 20.856
648.271 109.612
648.470 117.501
648.668 35.611
648.867 72.063
649.066 83.885
649.264 76.912
649.463 117.265
649.661 94.627
649.860 121.081
650.059 122.064
650.257 114.197
650.456 53.180
650.655 92.472
650.853 105.138
651.052 91.398
651.251 53.124
651.449 156.993
651.648 54.051
651.846 75.545
652.045 29.511
652.244 92.103
652.442 56.877
652.641 64.641
652.840 97.876
653.038 71.412
653.237 140.747
653.436 69.390
653.634 52.803
653.833 82.965
654.032 58.598
654.230 52.698
654.429 84.829
654.627 126.698
654.826 76.963
655.025 112.955
655.223 92.436
655.422 84.660
655.621 103.024
655.819 51.567
656.018 74.867
656.217 56.365
656.415 139.778
656.614 83.440
656.812 48.555
657.011 58.244
657.210 102.817
657.408 67.867
657.607 23.336
657.806 45.600
658.004 60.062
658.203 55.225
658.402 39.750
658.600 94.875
658.799 60.000
658.997 64.830
659.196 91.882
659.395 97.679
659.593 76.422
659.792 115.068
659.991 28.111
660.189 87.928
660.388 106.267
660.587 103.371
660.785 119.779
660.984 93.716
661.182 43.522
661.381 39.660
661.580 64.756
661.778 43.562
661.977 68.682
662.176 82.207
662.374 50.322
662.573 56.118
662.772 59.016
662.970 71.576
663.169 45.532
663.367 66.807
663.566 86.149
663.765 74.542
663.963 72.607
664.162 66.804
664.361 112.257
664.559 137.401
664.758 68.735
664.957 42.622
665.155 49.391
665.354 68.799
665.552 48.469
665.751 57.180
665.950 42.659
666.148 50.402
666.347 68.794
666.546 60.081
666.744 26.223
666.943 45.602
667.142 91.144
667.340 37.848
667.539 16.530
667.738 104.809
667.936 79.589
668.135 76.679
668.333 61.218
668.532 134.033
668.731 67.042
668.929 58.303
669.128 94.224
669.327 49.611
669.525 36.977
669.724 77.868
669.923 99.267
670.121 48.683
670.320 43.861
670.518 77.939
670.717 61.445
670.916 23.433
671.114 37.113
671.313 53.697
671.512 20.526
671.710 50.818
671.909 81.091
672.108 89.967
672.306 65.528
672.505 38.194
672.703 26.451
672.902 70.481
673.101 78.385
673.299 28.433
673.498 66.695
673.697 28.459
673.895 53.019
674.094 67.739
674.293 75.663
674.491 89.414
674.690 43.244
674.888 49.185
675.087 4.937
675.286 34.468
675.484 64.979
675.683 70.953
675.882 48.292
676.080 28.615
676.279 52.282
676.478 83.922
676.676 93.886
676.875 58.311
677.073 50.455
677.272 66.280
677.471 87.137
677.669 63.373
677.868 13.881
678.067 24.782
678.265 70.370
678.464 26.788
678.663 58.533
678.861 5.953
679.060 117.179
679.259 87.387
679.457 45.678
679.656 48.704
679.854 32.798
680.053 74.621
680.252 50.739
680.450 66.725
680.649 49.792
680.848 -4.995
681.046 97.696
681.245 93.800
681.444 49.887
681.642 71.842
681.841 60.924
682.039 4.983
682.238 23.982
682.437 39.981
682.635 64.044
682.834 62.041
683.033 60.038
683.231 76.129
683.430 31.038
683.629 15.020
683.827 59.151
684.026 36.081
684.224 53.184
684.423 -13.082
684.622 55.190
684.820 21.052
685.019 10.007
685.218 79.362
685.416 65.291
685.615 63.280
685.814 77.349
686.012 26.118
686.211 -2.052
686.409 -23.180
686.608 64.344
686.807 20.077
687.005 37.179
687.204 42.208
687.403 93.514
687.601 110.616
687.800 59.307
687.999 37.173
688.197 39.223
688.396 25.123
688.594 74.468
688.793 50.297
688.992 76.479
689.190 88.563
689.389 74.463
689.588 44.250
689.786 -2.075
689.985 77.481
690.184 -31.282
690.382 24.105
690.581 57.336
690.779 43.236
690.978 13.011
691.177 61.299
691.375 61.298
691.574 75.381
691.773 67.332
691.971 21.053
692.170 19.040
692.369 48.213
692.567 20.023
692.766 65.248
692.965 36.101
693.163 89.366
693.362 32.079
693.560 64.174
693.759 84.253
693.958 -14.142
694.156 13.969
694.355 51.117
694.554 -5.109
694.752 10.954
694.951 45.044
695.150 47.049
695.348 37.017
695.547 100.206
695.745 -9.114
695.944 24.952
696.143 44.991
696.341 -5.110
696.540 79.979
696.743 70.969
696.946 29.926
697.149 14.895
697.352 24.894
697.555 42.893
697.757 15.876
697.960 10.879
698.163 51.837
698.366 35.816
698.569 5.875
698.772 35.814
698.975 33.783
699.178 21.817
699.381 -17.050
699.584 11.833
699.787 3.860
699.989 52.615
700.192 82.382
700.395 7.828
700.598 12.797
700.801 63.429
701.004 51.511
701.207 14.752
701.410 -32.868
701.613 42.485
701.816 27.618
702.019 76.104
702.221 35.509
702.424 21.625
702.627 25.580
702.830 49.269
703.033 49.267
703.236 37.371
703.439 19.601
703.642 25.523
703.845 52.124
704.048 -21.842
704.251 33.351
704.453 50.098
704.656 57.921
704.859 11.660
705.062 23.447
705.265 56.877
705.468 55.838
705.671 -5.067
705.874 -15.858
706.077 42.040
706.280 26.311
706.483 80.232
706.685 17.468
706.888 -14.854
707.091 -13.863
707.294 22.339
707.497 46.754
707.700 0.810
707.903 51.589
708.106 46.705
708.309 34.950
708.512 2.754
708.715 26.167
708.917 73.899
709.120 27.114
709.323 13.454
709.526 56.296
709.729 35.812
709.932 72.776
710.135 54.292
710.338 54.238
710.541 23.138
710.744 39.658
710.947 16.317
711.149 27.966
711.352 36.703
711.555 18.237
711.758 74.492
711.961 63.821
712.164 13.383
712.367 24.051
712.570 46.313
712.773 58.909
712.976 73.442
713.179 -20.551
713.381 31.773
713.584 0.764
713.787 19.155
713.990 10.441
714.193 6.567
714.396 37.544
714.599 10.437
714.802 20.116
715.005 65.613
715.208 22.049
715.411 24.952
715.613 -3.123
715.816 41.406
716.019 19.140
716.222 16.234
716.425 41.402
716.628 26.906
716.831 36.594
717.034 25.934
717.237 2.680
717.440 65.724
717.643 53.165
717.845 -30.332
718.048 14.341
718.251 43.494
718.454 10.461
718.657 49.370
718.860 56.233
719.063 25.097
719.266 -5.119
719.469 43.655
719.672 -7.085
719.875 29.075
720.077 54.542
720.280 43.777
720.483 48.716
720.686 23.272
720.889 23.293
721.092 34.120
721.295 4.654
721.498 -1.249
721.701 59.774
721.904 0.718
722.107 20.441
722.309 51.011
722.512 24.407
722.715 35.299
722.918 60.001
723.121 63.026
723.324 25.438
723.527 31.402
723.730 22.490
723.933 38.330
724.136 37.375
724.339 74.044
724.541 33.408
724.744 39.392
724.947 12.605
725.150 17.563
725.353 22.522
725.556 38.432
725.759 83.117
725.962 28.498
726.165 23.531
726.368 29.517
726.571 22.558
726.773 -3.289
726.976 47.405
727.179 45.416
727.382 89.240
727.585 59.388
727.788 25.556
727.991 3.664
728.194 47.443
728.397 19.581
728.600 34.505
728.803 57.389
729.005 17.586
729.208 29.525
729.411 24.548
729.614 23.551
729.817 -34.162
730.020 5.638
730.223 7.626
730.426 30.510
730.629 13.593
730.832 81.253
731.035 36.512
731.237 17.586
731.440 44.476
731.643 107.224
731.846 -26.270
732.049 35.543
732.252 10.616
732.455 -14.311
732.658 42.517
732.861 27.560
733.064 39.523
733.267 46.546
733.469 55.527
733.672 34.567
733.875 64.505
734.078 -4.359
734.281 30.570
734.484 25.578
734.687 26.601
734.890 37.588
735.093 12.612
735.296 -2.375
735.499 56.564
735.701 -4.376
735.904 51.617
736.107 51.616
736.310 23.614
736.513 17.630
736.716 54.665
736.919 54.664
737.122 -9.412
737.325 24.655
737.528 17.657
737.731 57.775
737.933 9.629
738.136 -0.403
738.339 35.740
738.542 -15.467
738.745 30.747
738.948 86.022
739.151 58.884
739.354 19.686
739.557 23.705
739.760 29.763
739.963 44.852
740.165 8.633
740.368 22.715
740.571 -12.510
740.774 40.862
740.977 -19.563
741.180 56.971
741.383 64.018
741.586 46.944
741.789 51.982
741.992 47.948
742.195 -0.441
742.397 10.646
742.600 29.828
742.803 46.980
743.006 56.060
743.209 58.135
743.412 56.113
743.615 66.212
743.818 30.857
744.021 17.724
744.224 75.298
744.427 5.599
744.629 77.392
744.832 109.746
745.035 61.211
745.238 20.764
745.441 44.018
745.644 52.105
745.847 6.603
746.050 40.979
746.253 59.177
746.456 -15.664
746.659 67.330
746.861 49.110
747.064 53.156
747.267 55.179
747.470 -0.491
747.673 -0.493
747.876 30.850
748.079 28.826
748.282 -10.609
748.485 -19.712
748.688 56.121
748.891 9.607
749.093 20.728
749.296 87.460
749.499 41.957
749.702 28.811
749.905 45.998
750.108 70.263
750.311 -12.638
750.514 45.992
750.717 33.856
750.920 -18.724
751.123 35.875
751.325 52.051
751.528 -8.610
751.731 23.711
751.934 -18.715
752.137 1.485
752.340 54.008
752.543 27.744
752.746 4.505
752.949 68.075
753.152 -1.554
753.355 67.062
753.557 25.662
753.760 54.893
753.963 53.829
754.166 31.672
754.369 -11.633
754.572 18.576
754.775 48.786
754.978 1.451
755.181 60.805
755.384 67.845
755.587 15.529
755.789 56.775
755.992 67.839
756.195 30.614
756.398 28.599
756.601 29.603
756.804 51.734
757.007 24.569
757.210 2.434
757.413 11.475
757.616 10.468
757.819 38.606
758.021 9.459
758.224 89.858
758.427 19.485
758.630 38.559
758.833 40.565
759.036 57.631
759.239 2.408
759.442 25.499
759.645 -52.764
759.848 4.406
760.051 74.614
760.253 49.537
760.456 29.445
760.659 -10.638
760.862 46.475
761.065 0.380
761.268 7.385
761.471 -5.630
761.674 9.382
761.877 10.371
762.080 -23.631
762.283 8.366
762.485 -18.636
762.688 11.362
762.891 68.292
763.094 54.303
763.297 67.288
763.500 30.323
763.706 26.325
763.912 10.339
764.118 49.297
764.325 37.307
764.531 18.306
764.737 29.281
764.943 7.323
765.149 15.305
765.355 -12.641
765.561 48.235
765.768 83.163
765.974 29.239
766.180 -8.650
766.386 31.228
766.592 9.292
766.798 11.284
767.004 2.308
767.210 0.312
767.417 34.208
767.623 23.239
767.829 38.192
768.035 28.219
768.241 7.280
768.447 64.107
768.653 35.156
768.860 24.198
769.066 28.180
769.272 25.189
769.478 59.051
769.684 3.272
769.890 -9.669
770.096 1.274
770.303 31.123
770.509 48.036
770.715 36.093
770.921 49.026
771.127 37.083
771.333 24.146
771.539 52.999
771.745 25.136
771.952 43.044
772.158 -11.685
772.364 44.034
772.570 39.057
772.776 19.135
772.982 76.787
773.188 26.088
773.395 38.014
773.601 54.911
773.807 20.117
774.013 86.715
774.219 42.975
774.425 26.074
774.631 31.042
774.838 -8.722
775.044 42.965
775.250 57.873
775.456 -21.652
775.662 -13.702
775.868 11.146
776.074 47.923
776.281 54.879
776.487 78.733
776.693 68.791
776.899 40.955
777.105 9.143
777.311 2.183
777.517 6.156
777.723 -22.673
777.930 19.074
778.136 41.934
778.342 82.687
778.548 22.048
778.754 51.867
778.960 3.157
779.166 38.901
779.373 0.169
779.579 13.089
779.785 -19.716
779.991 26.007
780.197 6.123
780.403 10.097
780.609 -25.691
780.816 19.038
781.022 42.892
781.228 8.099
781.434 31.953
781.640 32.944
781.846 29.989
782.052 72.773
782.259 20.034
782.465 -7.829
782.671 2.118
782.877 8.086
783.083 13.071
783.289 44.941
783.495 45.934
783.701 96.729
783.908 49.913
784.114 40.946
784.320 78.792
784.526 35.961
784.732 16.038
784.938 30.009
785.144 28.013
785.351 29.007
785.557 57.917
785.763 51.933
785.969 38.969
786.175 76.852
786.381 35.010
786.587 68.940
786.794 92.889
787.000 75.844
787.206 -36.820
787.412 0.066
787.618 8.048
787.824 11.039
788.030 32.992
788.236 10.035
788.443 -2.942
788.649 25.998
788.855 67.911
789.061 -14.926
789.267 15.011
789.473 25.013
789.679 32.004
789.886 51.981
790.092 36.030
790.298 69.027
790.504 69.024
790.710 25.021
790.916 37.018
791.122 9.025
791.329 -5.993
791.535 35.045
791.741 35.042
791.947 38.080
792.153 33.067
792.359 14.026
792.565 32.059
792.771 34.060
792.978 30.080
793.184 56.155
793.390 31.077
793.596 68.185
793.802 40.098
794.008 57.146
794.214 44.148
794.421 -3.043
794.627 62.215
794.833 35.103
795.039 19.036
795.245 20.057
795.451 38.145
795.657 18.041
795.864 74.319
796.070 36.125
796.276 4.972
796.482 19.053
796.688 7.984
796.894 34.137
797.100 68.408
797.307 81.497
797.513 46.247
797.719 35.167
797.925 56.311
798.131 34.188
798.337 39.225
798.543 -2.109
798.749 7.969
798.956 -8.164
799.162 23.107
799.368 30.167
799.574 27.137
799.780 22.088
799.986 57.461
800.192 19.074
800.399 17.050
800.605 26.138
800.811 34.216
801.017 4.924
801.223 30.199
801.429 49.407
801.635 44.349
801.842 0.867
802.048 4.908
802.254 35.239
802.460 27.174
802.666 112.191
802.872 45.386
803.078 -15.346
803.285 78.780
803.491 33.230
803.697 30.191
803.903 30.187
804.109 80.791
804.315 8.926
804.521 -0.187
804.727 40.295
804.934 57.499
805.140 42.356
805.346 66.669
805.552 24.112
805.758 33.227
805.964 -19.461
806.170 32.240
806.377 3.839
806.583 59.616
806.789 30.201
806.995 38.311
807.201 -7.338
807.407 22.100
807.613 59.660
807.820 65.748
808.026 35.287
808.232 -29.721
808.438 11.942
808.644 46.492
808.850 19.049
809.056 27.176
809.262 45.465
809.469 87.217
809.675 -8.413
809.881 3.791
810.087 29.250
810.293 25.173
810.499 51.646
810.705 53.679
810.912 28.217
811.118 19.049
811.324 34.320
811.530 51.628
811.739 25.173
811.947 110.797
812.156 39.437
812.365 -14.593
812.573 -30.906
812.782 30.252
812.990 43.500
813.199 47.574
813.408 -0.340
813.616 -10.537
813.825 14.943
814.034 -5.454
814.242 24.135
814.451 -2.400
814.659 40.454
814.868 -23.836
815.077 47.589
815.285 49.626
815.494 56.765
815.703 50.639
815.911 11.860
816.120 -6.512
816.329 0.627
816.537 -17.744
816.746 74.089
816.954 28.167
817.163 30.204
817.372 33.295
817.580 14.905
817.789 32.266
817.998 49.627
818.206 42.473
818.415 -14.732
818.624 -37.208
818.832 40.418
819.041 49.607
819.249 55.732
819.458 35.299
819.667 23.038
819.875 16.888
820.084 42.394
820.293 18.921
820.501 2.590
820.710 36.260
820.919 -2.520
821.127 63.803
821.336 33.186
821.544 60.733
821.753 13.805
821.962 19.929
822.170 83.255
822.379 36.264
822.588 55.668
822.796 43.406
823.005 16.845
823.213 59.741
823.422 -7.678
823.631 47.476
823.839 -3.601
824.048 11.717
824.257 43.333
824.465 14.758
824.674 48.427
824.883 -0.557
825.091 69.919
825.300 63.786
825.508 31.095
825.717 71.949
825.926 28.022
826.134 -12.840
826.343 -52.681
826.552 38.224
826.760 31.070
826.969 12.679
827.178 45.361
827.386 14.714
827.595 -4.698
827.803 22.877
828.012 59.644
828.221 40.233
828.429 42.271
828.638 26.945
828.847 73.927
829.055 63.708
829.264 66.768
829.472 84.129
829.681 56.487
829.890 61.648
830.098 92.287
830.307 87.086
830.516 17.694
830.724 -4.759
830.933 14.624
831.142 70.742
831.350 129.921
831.559 23.770
831.767 9.494
831.976 60.458
832.185 19.679
832.393 9.481
832.602 6.418
832.811 -24.167
833.019 -9.901
833.228 22.714
833.437 46.155
833.645 47.170
833.854 50.224
834.062 51.238
834.271 26.742
834.480 36.920
834.688 50.154
834.897 -4.841
835.106 12.466
835.314 68.400
835.523 18.548
835.731 66.356
835.940 34.815
836.149 6.327
836.357 -5.886
836.566 1.231
836.775 -0.809
836.983 -4.883
837.192 0.199
837.401 27.633
837.609 14.417
837.818 29.656
838.026 27.619
838.235 -1.858
838.444 -24.220
838.652 -52.680
838.861 -20.165
839.070 28.611
839.278 29.622
839.487 64.170
839.696 18.433
839.904 20.461
840.113 -21.210
840.321 16.386
840.530 24.511
840.739 17.375
840.947 -21.209
841.156 46.807
841.365 27.540
841.573 26.519
841.782 16.335
841.991 -14.127
842.199 -18.193
842.408 5.152
842.616 39.665
842.825 7.172
843.034 52.799
843.242 33.524
843.451 28.448
843.660 -19.224
843.868 26.409
844.077 24.376
844.285 10.172
844.494 32.479
844.703 27.403
844.911 6.100
845.120 66.879
845.329 -6.075
845.537 13.183
845.746 26.363
845.955 14.187
846.163 -15.230
846.372 -24.363
846.580 -7.127
846.789 28.365
846.998 28.360
847.206 18.212
847.415 5.022
847.624 63.841
847.832 14.139
848.041 12.106
848.250 18.185
848.458 -21.374
848.667 34.402
848.875 20.198
849.084 4.974
849.293 -2.124
849.501 40.424
849.710 69.801
849.919 94.111
850.127 50.539
850.336 17.099
850.544 4.936
850.753 -10.267
850.962 1.885
851.170 -0.147
851.379 40.375
851.588 37.329
851.796 18.074
852.005 77.845
852.214 -4.227
852.422 90.083
852.631 14.013
852.839 23.135
853.048 23.129
853.257 13.995
853.465 49.487
853.674 76.864
853.883 21.078
854.091 13.972
854.300 -21.530
854.509 -21.536
854.717 65.679
854.926 42.347
855.134 44.324
855.343 23.042
855.552 21.010
855.760 23.030
855.969 26.064
856.178 31.124
856.386 31.118
856.595 8.822
856.803 6.797
857.012 -1.323
857.221 -5.385
857.429 -13.505
857.638 25.029
857.847 46.368
858.055 89.001
858.264 0.670
858.473 -12.534
858.681 -54.219
858.890 4.718
859.098 52.476
859.307 31.128
859.516 58.621
859.724 15.888
859.933 24.020
860.142 15.892
860.350 -14.664
860.559 44.393
860.768 64.753
860.976 19.940
861.185 -9.598
861.393 -4.517
861.602 50.523
861.811 67.846
862.019 27.065
862.228 -53.472
862.437 -24.936
862.645 -20.865
862.854 22.985
863.062 36.244
863.271 18.890
863.480 22.989
863.688 37.283
863.897 -40.354
864.106 -42.447
864.314 3.559
864.523 13.777
864.732 30.162
864.940 57.791
865.149 35.266
865.357 -4.659
865.566 62.953
865.775 19.913
865.983 59.927
866.192 10.690
866.401 24.041
866.609 31.221
866.818 27.135
867.027 -23.231
867.235 67.273
867.444 30.229
867.652 72.478
867.861 25.123
868.070 -27.489
868.278 24.103
868.487 18.956
868.696 19.982
868.904 40.678
869.113 17.939
869.321 -3.807
869.530 37.632
869.739 32.478
869.947 -1.762
870.156 15.882
870.365 -44.399
870.573 -29.853
870.782 -54.866
870.991 0.278
871.199 27.383
871.408 95.254
871.616 53.549
871.825 15.941
872.034 -11.263
872.242 -25.942
872.451 4.421
872.660 0.221
872.868 18.071
873.077 39.113
873.286 26.515
873.494 -2.969
873.703 19.172
873.911 31.857
874.120 42.453
874.329 7.570
874.537 21.342
874.746 -5.155
874.955 53.219
875.163 7.579
875.372 35.269
875.581 25.704
875.789 -9.496
875.998 15.059
876.206 23.623
876.415 70.750
876.624 15.084
876.832 0.070
877.041 18.322
877.250 41.990
877.458 64.632
877.667 36.676
877.875 -4.285
878.084 0.022
878.293 -24.824
878.501 -6.481
878.710 12.985
878.919 123.500
879.127 2.148
879.336 30.341
879.545 17.337
879.753 2.127
879.962 19.513
880.170 54.287
880.379 -5.504
880.588 43.448
880.796 41.263
881.005 15.139
881.214 -21.866
881.422 85.944
881.631 31.470
881.840 10.764
882.048 70.668
882.257 67.391
882.465 21.655
882.674 28.189
882.883 46.719
883.091 89.338
883.300 26.010
883.509 0.892
883.717 24.928
883.926 4.154
884.134 32.560
884.343 23.834
884.552 32.578
884.760 -4.635
884.969 -26.550
885.178 16.175
885.386 86.342
885.595 32.640
885.804 5.189
886.012 -51.901
886.221 -9.110
886.429 8.464
886.638 20.565
886.847 54.719
887.055 -3.664
887.264 19.480
887.473 83.510
887.681 38.289
887.890 9.560
888.099 30.602
888.307 0.693
888.516 45.080
888.724 55.120
888.933 50.723
889.142 38.520
889.350 47.472
889.559 29.658
889.768 41.925
889.976 50.901
890.185 -23.969
890.393 55.289
890.602 -28.427
890.811 3.925
891.019 39.546
891.228 80.559
891.437 42.724
891.645 38.190
891.854 24.836
892.063 -17.125
892.271 29.075
892.480 50.931
892.688 0.482
892.897 11.375
893.106 55.955
893.314 57.995
893.523 0.437
893.732 5.826
893.940 13.347
894.149 36.924
894.358 -3.890
894.566 -25.259
894.775 54.743
894.983 38.659
895.192 18.397
895.401 28.911
895.609 21.448
895.818 54.002
896.027 29.719
896.235 12.875
896.444 6.562
896.652 -16.409
896.861 -26.790
897.070 -31.937
897.278 55.166
897.487 2.299
897.696 23.934
897.904 39.307
898.113 -3.901
898.322 -60.197
898.530 47.168
898.739 58.275
898.947 31.697
899.156 35.683
899.365 -8.978
899.573 2.154
899.782 40.524
899.991 -19.044
900.199 -42.154
900.408 -34.082
900.617 -21.987
900.825 3.072
901.034 12.047
901.242 75.897
901.451 82.708
901.660 64.641
901.868 42.719
902.077 -10.894
902.286 10.889
902.494 18.781
902.703 1.954
902.911 10.816
903.120 -2.998
903.329 7.814
903.537 -1.045
903.746 -8.905
903.955 13.629
904.163 56.659
904.372 23.357
904.581 2.817
904.789 28.142
904.998 7.656
905.206 13.462
905.415 1.788
905.624 48.333
905.832 8.547
906.041 -23.417
906.250 -25.339
906.458 17.187
906.667 -19.520
906.876 15.204
907.084 65.276
907.293 6.492
907.501 4.557
907.710 -6.035
907.919 16.054
908.127 -39.634
908.336 -15.637
908.545 -74.062
908.753 -10.843
908.962 31.221
909.170 49.328
909.379 37.856
909.588 31.130
909.796 42.529
910.005 46.332
910.214 40.562
910.422 29.123
910.631 15.764
910.840 -4.228
911.048 8.123
911.257 -5.196
911.465 -13.762
911.674 45.163
911.883 -4.274
912.091 44.106
912.300 -6.189
912.508 -21.360
912.716 45.927
912.924 10.835
913.132 -17.585
913.340 -10.957
913.549 2.277
913.757 20.241
913.965 1.308
914.173 4.135
914.381 57.996
914.589 5.054
914.797 15.455
915.005 22.066
915.213 17.341
915.421 31.534
915.629 62.772
915.838 -18.696
916.046 -14.916
916.254 10.665
916.462 36.211
916.670 -8.308
916.878 30.535
917.086 -30.140
917.294 34.336
917.502 -1.729
917.710 23.876
917.919 6.787
918.127 -1.766
918.335 -4.626
918.543 0.110
918.751 48.577
918.959 41.912
919.167 55.260
919.375 4.820
919.583 21.935
919.791 18.117
919.999 -6.640
920.208 23.824
920.416 14.302
920.624 56.288
920.832 46.734
921.040 29.574
921.248 46.798
921.456 65.969
921.664 -14.440
921.872 0.875
922.080 -6.808
922.288 18.125
922.497 -5.891
922.705 34.481
922.913 69.150
923.121 46.082
923.329 17.184
923.537 9.457
923.745 10.419
923.953 22.976
924.161 2.676
924.369 9.442
924.578 -20.601
924.786 78.299
924.994 -1.250
925.202 25.947
925.410 -15.885
925.618 5.523
925.826 -21.775
926.034 -5.229
926.242 32.908
926.450 -4.292
926.658 11.377
926.867 25.113
927.075 -3.366
927.283 -12.242
927.491 24.210
927.699 51.861
927.907 12.385
928.115 -16.330
928.323 31.243
928.531 6.440
928.739 25.338
928.947 38.450
929.156 46.436
929.364 9.422
929.572 -14.592
929.780 12.393
929.988 32.379
930.196 20.365
930.404 -1.650
930.612 16.336
930.820 10.321
931.028 -3.693
931.236 -8.708
931.445 -2.722
931.653 38.263
931.861 -17.752
932.069 31.234
932.277 -30.781
932.485 -33.796
932.693 39.190
932.901 2.175
933.109 20.160
933.317 45.145
933.526 30.130
933.734 48.115
933.942 32.100
934.150 -2.915
934.358 6.070
934.566 3.055
934.774 14.040
934.982 53.024
935.190 37.009
935.398 12.994
935.606 60.978
935.815 -23.037
936.023 -3.052
936.231 15.932
936.439 -15.083
936.647 30.901
936.855 41.886
937.063 63.870
937.271 23.855
937.479 40.839
937.687 0.823
937.895 12.808
938.104 -5.208
938.312 -19.224
938.520 10.760
938.728 -3.256
938.936 -15.272
939.144 41.712
939.352 1.696
939.560 -27.320
939.768 -18.336
939.976 -21.352
940.185 -17.368
940.393 -21.384
940.601 46.600
940.809 51.583
941.017 19.567
941.225 3.551
941.433 -14.466
941.641 -37.482
941.849 -5.498
942.057 25.485
942.265 14.469
942.474 76.452
942.682 42.435
942.890 29.419
943.098 -4.598
943.306 8.385
943.514 9.369
943.722 12.352
943.930 16.335
944.138 11.318
944.346 8.301
944.554 37.284
944.763 18.267
944.971 37.250
945.179 12.233
945.387 38.216
945.595 26.199
945.803 -5.818
946.011 18.165
946.219 6.147
946.427 4.130
946.635 13.113
946.843 54.095
947.052 45.078
947.260 30.061
947.468 1.043
947.676 -23.974
947.884 3.008
948.092 -36.010
948.300 -2.027
948.508 -5.045
948.716 -10.063
948.924 16.920
949.133 0.902
949.341 -30.116
949.549 23.866
949.757 7.848
949.965 -27.170
950.173 -6.188
950.381 52.794
950.589 -43.224
950.797 4.758
951.005 32.740
951.213 16.722
951.422 39.704
951.630 -27.315
951.838 2.667
952.046 -1.351
952.254 46.630
952.462 15.612
952.670 22.593
952.878 -20.425
953.086 11.556
953.294 70.538
953.502 13.519
953.711 -8.499
953.919 -1.518
954.127 -12.537
954.335 -11.556
954.543 -20.574
954.751 36.407
954.959 17.388
955.167 13.369
955.375 69.350
955.583 26.331
955.792 2.312
956.000 12.293
956.208 -37.726
956.416 51.255
956.624 32.236
956.832 40.216
957.040 -16.803
957.248 -23.822
957.456 -4.842
957.664 -17.861
957.872 28.120
958.081 8.100
958.289 -32.919
958.497 7.061
958.705 -4.958
958.913 -11.978
959.121 18.003
959.329 -27.017
959.537 29.963
959.745 17.943
959.953 -14.076
960.161 0.904
960.370 41.884
960.578 -6.136
960.786 -6.156
960.994 57.824
961.202 81.804
961.410 13.784
961.618 15.764
961.826 -3.256
962.034 -9.276
962.242 -8.296
962.451 -10.316
962.659 13.663
962.867 28.643
963.075 4.623
963.283 -10.398
963.491 -9.418
963.699 -18.438
963.907 26.541
964.115 -24.479
964.323 35.500
964.531 15.480
964.740 27.459
964.948 14.439
965.156 33.418
965.364 39.397
965.572 36.376
965.780 -21.644
965.999 -33.665
966.218 -49.686
966.438 42.293
966.657 -56.728
966.876 31.252
967.095 6.231
967.315 -0.790
967.534 -10.811
967.753 -7.832
967.972 -3.854
968.192 33.125
968.411 14.104
968.630 48.083
968.849 12.062
969.068 16.041
969.288 18.019
969.507 -0.002
969.726 3.977
969.945 1.955
970.165 -31.066
970.384 36.913
970.603 57.891
970.822 37.870
971.042 24.848
971.261 -13.173
971.480 16.805
971.699 8.784
971.919 2.762
972.138 -5.260
972.357 1.719
972.576 4.697
972.795 -1.325
973.015 -23.347
973.234 -4.368
973.453 15.610
973.672 12.588
973.892 0.566
974.111 -6.456
974.330 25.522
974.549 -38.499
974.769 -9.521
974.988 14.457
975.207 66.435
975.426 -9.587
975.646 44.391
975.865 30.368
976.084 -40.654
976.303 -0.676
976.522 -6.698
976.742 19.280
976.961 38.258
977.180 14.235
977.399 -13.787
977.619 -6.809
977.838 74.169
978.057 -16.854
978.276 -76.876
978.496 -67.898
978.715 8.079
978.934 49.057
979.153 18.035
979.372 5.012
979.592 -21.010
979.811 -10.033
980.030 -15.055
980.249 12.922
980.469 16.900
980.688 -6.123
980.907 -41.145
981.126 -8.168
981.346 2.810
981.565 44.787
981.784 31.765
982.003 11.742
982.223 23.719
982.442 22.697
982.661 3.674
982.880 -29.349
983.099 -3.371
983.319 -17.394
983.538 43.583
983.757 43.561
983.976 34.538
984.196 -14.485
984.415 17.492
984.634 -22.530
984.853 15.447
985.073 44.424
985.292 55.401
985.511 -6.622
985.730 -43.644
985.949 11.333
986.169 32.310
986.388 -21.713
986.607 25.264
986.826 -2.758
987.046 -1.781
987.265 -4.804
987.484 47.173
987.703 30.150
987.923 31.127
988.142 21.104
988.361 44.082
988.580 -12.941
988.800 -13.964
989.019 -44.987
989.238 -56.010
989.457 25.967
989.676 -1.056
989.896 -32.078
990.115 25.899
990.334 -14.124
990.553 9.853
990.773 0.830
990.992 -10.193
991.211 34.784
991.430 -24.238
991.650 3.739
991.869 24.716
992.088 19.693
992.307 -16.330
992.527 -13.353
992.746 -19.375
992.965 -45.398
993.184 -39.421
993.403 34.556
993.623 13.534
993.842 23.511
994.061 12.488
994.280 -15.535
994.500 55.443
994.719 -81.580
994.938 -48.603
995.157 -51.625
995.377 17.352
995.596 2.329
995.815 9.307
996.034 -12.716
996.253 -3.738
996.473 -28.761
996.692 -34.784
996.911 -16.806
997.130 -17.829
997.350 34.149
997.569 -11.874
997.788 32.104
998.007 29.082
998.227 9.059
998.446 14.037
998.665 12.014
998.884 15.992
999.104 4.970
999.323 20.947
999.542 15.925
999.761 -26.097
999.980 5.881
1000.200 -2.141
1000.419 2.836
1000.638 16.814
1000.857 3.792
1001.077 16.770
1001.296 -31.252
1001.515 38.726
1001.734 20.704
1001.954 25.682
1002.173 20.661
1002.392 17.639
1002.611 -13.383
1002.830 3.595
1003.050 0.573
1003.269 4.552
1003.488 -0.470
1003.707 13.509
1003.927 18.487
1004.146 19.465
1004.365 -13.556
1004.584 -6.577
1004.804 20.401
1005.023 41.380
1005.242 23.358
1005.461 25.337
1005.681 -23.684
1005.900 10.295
1006.119 -1.726
1006.338 25.253
1006.557 27.232
1006.777 31.211
1006.996 -13.810
1007.215 16.169
1007.434 -19.852
1007.654 -58.873
1007.873 3.107
1008.092 -12.914
1008.311 24.065
1008.531 -27.955
1008.750 -19.976
1008.969 61.004
1009.188 20.984
1009.407 19.963
1009.627 36.943
1009.846 28.923
1010.065 -32.097
1010.284 20.883
1010.504 40.863
1010.723 56.843
1010.942 -2.177
1011.161 24.803
1011.381 -4.216
1011.600 -8.236
1011.819 -15.256
1012.038 -70.275
1012.258 -25.295
1012.477 -8.314
1012.696 -24.333
1012.915 16.647
1013.134 17.628
1013.354 15.609
1013.573 -47.410
1013.792 -67.429
1014.011 2.552
1014.231 19.534
1014.450 -46.485
1014.669 -18.504
1014.888 -0.522
1015.108 28.459
1015.327 -4.559
1015.546 -22.577
1015.765 -21.596
1015.984 12.386
1016.204 -29.632
1016.423 -46.650
1016.642 1.332
1016.861 3.315
1017.081 3.297
1017.300 15.279
1017.519 20.262
