296.156 6.886
296.345 34.886
296.534 39.886
296.723 76.886
296.912 33.886
297.101 -80.114
297.290 -17.114
297.479 49.886
297.668 31.886
297.858 29.886
298.047 34.886
298.236 9.886
298.425 49.885
298.614 65.885
298.803 85.885
298.992 39.885
299.181 -15.115
299.370 54.885
299.559 77.885
299.748 51.885
299.937 42.885
300.126 74.885
300.315 44.885
300.504 37.885
300.693 43.885
300.882 24.885
301.071 -12.115
301.260 45.885
301.449 85.885
301.638 60.884
301.827 41.884
302.016 71.884
302.205 62.884
302.395 41.884
302.584 -11.116
302.773 42.884
302.962 58.884
303.151 12.884
303.340 54.884
303.529 51.884
303.718 76.884
303.907 28.884
304.096 50.884
304.285 67.884
304.474 75.884
304.663 33.883
304.852 27.883
305.041 47.883
305.230 62.883
305.419 65.883
305.608 27.883
305.797 13.883
305.986 39.883
306.175 63.883
306.364 18.883
306.553 76.883
306.743 7.883
306.932 50.883
307.121 60.883
307.310 56.883
307.499 47.883
307.688 42.883
307.877 56.882
308.066 98.882
308.255 -15.118
308.444 46.882
308.633 92.882
308.822 81.882
309.011 100.882
309.200 45.882
309.389 43.882
309.578 75.882
309.767 113.882
309.956 38.882
310.145 20.882
310.334 34.882
310.523 46.882
310.712 -2.118
310.901 31.881
311.091 41.881
311.280 36.881
311.469 56.881
311.658 -9.119
311.847 27.881
312.036 41.881
312.225 40.881
312.414 67.881
312.603 28.881
312.792 50.881
312.981 40.881
313.170 16.881
313.349 71.881
313.527 64.881
313.706 33.880
313.884 104.880
314.063 80.880
314.241 102.880
314.420 68.880
314.598 8.880
314.777 9.880
314.955 38.880
315.134 6.880
315.312 -6.120
315.491 -33.120
315.669 71.880
315.848 71.880
316.027 19.880
316.205 30.880
316.384 76.880
316.562 32.879
316.741 21.879
316.919 -15.121
317.098 18.879
317.276 27.879
317.455 61.879
317.633 55.879
317.812 39.879
317.990 0.879
318.169 39.879
318.347 39.879
318.526 52.879
318.705 44.879
318.883 -15.121
319.062 12.879
319.240 45.878
319.419 64.878
319.597 59.878
319.776 21.878
319.954 25.878
320.133 42.878
320.311 41.878
320.490 -10.122
320.668 20.878
320.847 40.878
321.025 29.878
321.204 43.878
321.382 65.878
321.561 49.878
321.740 24.878
321.918 -3.123
322.097 30.877
322.275 1.877
322.454 36.877
322.632 -1.123
322.811 49.877
322.989 79.877
323.168 60.877
323.346 17.877
323.525 0.877
323.703 67.877
323.882 33.877
324.060 18.877
324.239 34.877
324.418 50.877
324.596 55.876
324.775 70.876
324.953 48.876
325.132 63.876
325.310 50.876
325.489 18.876
325.667 19.876
325.846 46.876
326.024 41.876
326.203 77.876
326.381 42.876
326.560 54.876
326.738 35.876
326.917 44.876
327.096 10.876
327.274 38.875
327.453 73.875
327.631 27.875
327.810 62.875
327.988 88.875
328.167 9.875
328.345 -1.125
328.524 45.875
328.702 68.875
328.881 34.875
329.059 -1.125
329.238 96.875
329.416 23.875
329.595 44.875
329.774 56.875
329.952 81.874
330.131 43.874
330.309 29.874
330.488 57.874
330.666 12.874
330.845 68.874
331.023 60.874
331.202 51.874
331.380 67.874
331.559 39.874
331.737 68.874
331.916 4.874
332.094 30.874
332.273 18.874
332.452 6.873
332.630 61.873
332.809 20.873
332.987 73.873
333.166 28.873
333.344 65.873
333.523 42.873
333.701 7.873
333.880 23.873
334.058 25.873
334.237 40.873
334.415 30.873
334.594 22.873
334.772 43.873
334.951 63.873
335.129 59.872
335.308 12.872
335.487 28.872
335.665 25.872
335.844 0.872
336.022 66.872
336.201 16.872
336.379 -3.128
336.558 15.872
336.736 45.872
336.915 12.872
337.093 -6.128
337.272 -8.128
337.450 16.872
337.629 27.871
337.807 25.871
337.986 41.871
338.165 15.871
338.343 12.871
338.522 40.871
338.700 74.871
338.879 14.871
339.057 41.871
339.236 24.871
339.414 43.871
339.593 28.871
339.771 17.871
339.950 14.871
340.128 1.870
340.307 8.870
340.485 17.870
340.664 83.870
340.843 -3.130
341.021 8.870
341.200 25.870
341.378 9.870
341.557 66.870
341.735 57.870
341.914 18.870
342.092 54.870
342.271 43.870
342.449 58.870
342.628 34.869
342.806 31.869
342.985 8.869
343.163 43.869
343.342 68.869
343.521 15.869
343.699 -6.131
343.878 -0.131
344.056 12.869
344.235 28.869
344.413 18.869
344.592 88.869
344.770 63.869
344.949 57.868
345.127 19.868
345.306 29.868
345.484 62.868
345.663 31.868
345.841 54.868
346.020 -32.132
346.199 27.868
346.377 -0.132
346.556 -17.132
346.734 32.868
346.913 105.868
347.091 87.868
347.270 34.868
347.448 30.867
347.627 34.867
347.805 -32.133
347.984 48.867
348.162 61.867
348.341 54.867
348.519 94.867
348.698 110.867
348.876 48.867
349.055 14.867
349.234 38.867
349.412 59.867
349.591 65.867
349.769 53.866
349.948 -4.134
350.126 35.866
350.305 56.866
350.483 46.866
350.662 77.866
350.840 37.866
351.019 -8.134
351.197 17.866
351.376 35.866
351.554 47.866
351.733 53.866
351.912 43.866
352.090 9.866
352.269 84.865
352.447 78.865
352.626 75.865
352.804 47.865
352.983 -2.135
353.161 4.865
353.340 61.865
353.518 48.865
353.697 52.865
353.875 19.865
354.054 102.865
354.232 53.865
354.411 59.865
354.590 54.864
354.768 56.864
354.947 40.864
355.125 12.864
355.304 18.864
355.482 58.864
355.661 -3.136
355.839 40.864
356.018 10.864
356.196 30.864
356.375 -12.136
356.553 49.864
356.732 69.864
356.910 34.863
357.089 104.863
357.268 72.863
357.446 14.863
357.625 64.863
357.803 47.863
357.982 58.863
358.160 65.863
358.339 23.863
358.517 27.863
358.696 86.863
358.874 95.863
359.053 39.862
359.231 42.862
359.410 24.862
359.588 13.862
359.767 58.862
359.945 44.862
360.124 59.862
360.303 52.862
360.481 54.862
360.660 21.862
360.838 54.862
361.017 34.862
361.195 47.862
361.374 51.861
361.552 13.861
361.731 30.861
361.909 96.861
362.088 83.861
362.266 86.861
362.445 61.861
362.623 57.861
362.802 49.861
362.981 33.861
363.159 22.861
363.338 96.861
363.516 46.860
363.695 39.860
363.873 97.860
364.052 68.860
364.230 67.860
364.409 20.860
364.587 72.860
364.766 79.860
364.944 82.860
365.123 62.860
365.301 91.860
365.480 83.860
365.660 73.860
365.839 52.859
366.019 77.859
366.199 61.859
366.379 51.859
366.558 55.859
366.738 31.859
366.918 68.859
367.098 67.859
367.277 96.859
367.457 90.859
367.637 53.859
367.816 54.859
367.996 19.858
368.176 64.858
368.356 101.858
368.535 76.858
368.715 127.858
368.895 85.858
369.075 62.858
369.254 66.858
369.434 67.858
369.614 106.858
369.793 56.858
369.973 64.858
370.153 103.857
370.333 86.857
370.512 84.857
370.692 103.857
370.872 69.857
371.051 112.857
371.231 55.857
371.411 105.857
371.591 100.857
371.770 42.857
371.950 92.857
372.130 90.857
372.310 99.856
372.489 86.856
372.669 102.856
372.849 137.856
373.028 63.856
373.208 82.856
373.388 94.856
373.568 124.856
373.747 135.856
373.927 93.856
374.107 120.856
374.287 93.856
374.466 111.855
374.646 143.855
374.826 100.855
375.005 127.855
375.185 104.855
375.365 84.855
375.545 130.855
375.724 132.855
375.904 87.855
376.084 123.855
376.263 108.855
376.443 98.855
376.623 80.854
376.803 123.854
376.982 187.854
377.162 110.854
377.342 110.854
377.522 157.854
377.701 144.854
377.881 113.854
378.061 87.854
378.240 117.854
378.420 155.854
378.600 157.853
378.780 193.853
378.959 172.853
379.139 147.853
379.319 117.853
379.499 192.853
379.678 169.853
379.858 102.853
380.038 137.853
380.217 133.853
380.397 131.853
380.577 160.853
380.757 217.852
380.936 137.852
381.116 211.852
381.296 171.852
381.476 145.852
381.655 168.852
381.835 121.852
382.015 172.852
382.194 192.852
382.374 185.852
382.554 193.852
382.734 237.851
382.913 197.851
383.093 195.851
383.273 132.851
383.452 165.851
383.632 180.851
383.812 222.851
383.992 199.851
384.171 160.851
384.351 226.851
384.531 187.851
384.711 56.851
384.890 139.850
385.070 173.850
385.250 109.850
385.429 200.850
385.609 208.850
385.789 177.850
385.969 211.850
386.148 190.850
386.328 204.850
386.508 148.850
386.688 141.850
386.867 136.849
387.047 119.849
387.227 150.849
387.406 156.849
387.586 190.849
387.766 166.849
387.946 124.849
388.125 164.849
388.305 161.849
388.485 160.849
388.664 120.849
388.844 21.848
389.024 84.848
389.204 59.848
389.383 46.848
389.563 69.848
389.743 72.848
389.923 82.848
390.102 33.848
390.282 65.848
390.462 82.848
390.641 97.848
390.821 88.847
391.001 122.847
391.181 90.847
391.360 137.847
391.540 178.847
391.720 115.847
391.900 134.847
392.079 204.847
392.259 185.847
392.439 208.847
392.618 271.847
392.798 189.846
392.978 206.846
393.158 268.846
393.337 290.846
393.517 262.846
393.697 310.846
393.877 272.846
394.056 310.846
394.236 349.846
394.416 280.846
394.595 325.845
394.775 288.845
394.955 225.845
395.135 247.845
395.314 243.845
395.494 206.845
395.674 306.845
395.853 293.845
396.033 310.845
396.213 286.845
396.393 258.845
396.572 289.844
396.752 275.844
396.932 308.844
397.112 281.844
397.291 262.844
397.471 312.844
397.651 316.844
397.830 252.844
398.010 325.844
398.190 291.844
398.370 313.844
398.549 319.843
398.729 270.843
398.909 276.843
399.089 254.843
399.268 342.843
399.448 293.843
399.628 296.843
399.807 279.843
399.987 303.843
400.167 289.843
400.347 293.842
400.526 224.842
400.706 306.842
400.886 275.842
401.065 313.842
401.245 247.842
401.425 303.842
401.605 339.842
401.784 277.842
401.964 316.842
402.144 269.841
402.324 249.841
402.503 313.841
402.683 331.841
402.863 332.841
403.042 298.841
403.222 257.841
403.402 292.841
403.582 289.841
403.761 328.841
403.941 274.841
404.121 247.840
404.301 224.840
404.480 287.840
404.660 218.840
404.844 300.840
405.029 249.840
405.213 262.840
405.398 264.840
405.582 195.840
405.767 193.840
405.951 215.839
406.136 244.839
406.320 281.839
406.505 259.839
406.689 211.839
406.874 243.839
407.058 193.839
407.243 192.839
407.427 237.839
407.612 240.839
407.796 214.838
407.981 223.838
408.165 274.838
408.350 243.838
408.534 158.838
408.719 187.838
408.903 183.838
409.088 173.838
409.272 237.838
409.457 171.838
409.641 231.837
409.826 246.837
410.010 217.837
410.195 147.837
410.379 193.837
410.564 168.837
410.748 125.837
410.933 197.837
411.117 156.837
411.302 142.837
411.486 212.836
411.671 151.836
411.855 217.836
412.040 166.836
412.224 151.836
412.409 164.836
412.593 207.836
412.778 164.836
412.962 182.836
413.147 174.835
413.331 196.835
413.516 215.835
413.700 184.835
413.885 165.835
414.069 138.835
414.254 89.835
414.438 118.835
414.623 175.835
414.807 132.835
414.992 189.834
415.176 142.834
415.361 155.834
415.545 175.834
415.730 145.834
415.914 145.834
416.099 98.834
416.283 96.834
416.468 113.834
416.652 93.834
416.837 138.833
417.021 142.833
417.206 129.833
417.390 161.833
417.575 174.833
417.759 173.833
417.944 141.833
418.128 145.833
418.313 166.833
418.497 101.832
418.682 176.832
418.866 85.832
419.051 140.832
419.235 148.832
419.420 88.832
419.604 77.832
419.789 130.832
419.973 128.832
420.158 103.832
420.342 208.831
420.527 103.831
420.711 102.831
420.896 101.831
421.080 108.831
421.265 89.831
421.449 157.831
421.634 114.831
421.818 121.831
422.003 95.830
422.187 71.830
422.372 99.830
422.556 148.830
422.741 139.830
422.925 72.830
423.110 92.830
423.294 57.830
423.479 109.830
423.663 59.829
423.848 73.829
424.032 121.829
424.217 123.829
424.401 101.829
424.586 110.829
424.770 113.829
424.955 95.829
425.139 100.829
425.324 101.828
425.508 122.828
425.693 139.828
425.877 127.828
426.062 76.828
426.246 113.828
426.431 50.828
426.615 57.828
426.800 65.828
426.984 67.828
427.169 81.827
427.353 67.827
427.538 110.827
427.722 41.827
427.907 66.827
428.091 102.827
428.276 56.827
428.460 106.827
428.645 63.827
428.829 36.826
429.014 110.826
429.198 86.826
429.383 42.826
429.567 30.826
429.752 46.826
429.936 78.826
430.121 58.826
430.305 81.826
430.490 67.825
430.674 42.825
430.859 86.825
431.043 114.825
431.228 88.825
431.412 65.825
431.597 66.825
431.781 122.825
431.966 100.824
432.150 105.824
432.335 76.824
432.519 97.824
432.704 90.824
432.888 92.824
433.073 62.824
433.257 87.824
433.442 65.824
433.626 39.823
433.811 65.823
433.995 66.823
434.180 52.823
434.364 71.823
434.549 42.823
434.733 92.823
434.918 104.823
435.102 73.823
435.287 40.822
435.471 77.822
435.656 51.822
435.840 33.822
436.030 112.822
436.219 42.822
436.409 37.822
436.599 19.822
436.789 48.822
436.978 63.821
437.168 108.821
437.358 92.821
437.548 61.821
437.737 49.821
437.927 65.821
438.117 89.821
438.306 65.821
438.496 92.820
438.686 81.820
438.876 90.820
439.065 113.820
439.255 67.820
439.445 36.820
439.634 70.820
439.824 93.820
440.014 53.820
440.204 71.819
440.393 39.819
440.583 119.819
440.773 66.819
440.963 98.819
441.152 84.819
441.342 94.819
441.532 60.819
441.721 82.818
441.911 68.818
442.101 18.818
442.291 52.818
442.480 125.818
442.670 81.818
442.860 65.818
443.050 37.818
443.239 41.818
443.429 -2.183
443.619 69.817
443.808 102.817
443.998 107.817
444.188 46.817
444.378 76.817
444.567 25.817
444.757 51.817
444.947 98.816
445.137 93.816
445.326 52.816
445.516 92.816
445.706 93.816
445.895 104.816
446.085 62.816
446.275 60.816
446.465 29.815
446.654 49.815
446.844 105.815
447.034 97.815
447.223 109.815
447.413 117.815
447.603 53.815
447.793 97.815
447.982 42.814
448.172 42.814
448.362 35.814
448.552 33.814
448.741 70.814
448.931 103.814
449.121 80.814
449.310 77.814
449.500 89.813
449.690 31.813
449.880 19.813
450.069 98.813
450.259 94.813
450.449 53.813
450.639 79.813
450.828 87.813
451.018 95.812
451.208 82.812
451.397 160.812
451.587 85.812
451.777 65.812
451.967 61.812
452.156 98.812
452.346 80.812
452.536 115.811
452.725 79.811
452.915 49.811
453.105 117.811
453.295 81.811
453.484 94.811
453.674 82.811
453.864 102.811
454.054 79.810
454.243 132.810
454.433 112.810
454.623 100.810
454.812 111.810
455.002 99.810
455.192 70.810
455.382 48.810
455.571 78.809
455.761 111.809
455.951 73.809
456.141 113.809
456.330 98.809
456.520 76.809
456.710 146.809
456.899 112.809
457.089 63.808
457.279 83.808
457.469 44.808
457.658 98.808
457.848 134.808
458.038 61.808
458.228 20.808
458.417 75.808
458.607 146.807
458.797 158.807
458.986 110.807
459.176 46.807
459.366 78.807
459.556 139.807
459.745 133.807
459.935 142.806
460.125 121.806
460.314 129.806
460.504 81.806
460.694 119.806
460.884 74.806
461.073 104.806
461.263 106.806
461.453 115.805
461.643 127.805
461.832 102.805
462.022 173.805
462.212 119.805
462.401 116.805
462.591 92.805
462.781 92.805
462.971 90.804
463.160 33.804
463.350 78.804
463.540 178.804
463.730 117.804
463.919 98.804
464.109 56.804
464.299 82.803
464.488 72.803
464.678 77.803
464.868 172.803
465.058 135.803
465.247 90.803
465.437 102.803
465.627 101.802
465.816 91.802
466.006 35.802
466.196 47.802
466.386 53.802
466.575 34.802
466.765 37.802
466.955 82.802
467.145 131.801
467.334 90.801
467.524 84.801
467.714 69.801
467.903 93.801
468.093 103.801
468.283 100.801
468.473 102.800
468.662 100.800
468.852 84.800
469.042 105.800
469.232 119.800
469.421 103.800
469.611 96.800
469.801 135.799
469.990 148.799
470.180 102.799
470.370 46.799
470.560 111.799
470.749 138.799
470.939 161.799
471.129 123.799
471.318 101.798
471.508 74.798
471.698 130.798
471.888 97.798
472.077 96.798
472.267 170.798
472.457 133.798
472.647 124.797
472.836 140.797
473.026 124.797
473.216 108.797
473.405 76.797
473.595 76.797
473.785 81.797
473.975 63.796
474.164 105.796
474.354 114.796
474.544 128.796
474.734 118.796
474.923 107.796
475.113 31.796
475.303 147.795
475.492 108.795
475.682 92.795
475.872 106.795
476.062 135.795
476.251 137.795
476.441 109.795
476.631 128.794
476.821 97.794
477.010 132.794
477.200 151.794
477.390 90.794
477.579 111.794
477.769 123.794
477.959 137.793
478.149 127.793
478.338 89.793
478.528 131.793
478.718 160.793
478.907 74.793
479.097 110.793
479.287 137.792
479.477 119.792
479.666 66.792
479.856 89.792
480.046 113.792
480.236 132.792
480.425 76.792
480.615 126.791
480.805 114.791
480.994 77.791
481.184 111.791
481.374 160.791
481.564 105.791
481.753 104.791
481.943 130.790
482.133 125.790
482.323 113.790
482.512 81.790
482.702 84.790
482.892 124.790
483.081 129.789
483.271 63.789
483.461 118.789
483.651 131.789
483.840 158.789
484.030 95.789
484.220 50.789
484.409 114.788
484.599 102.788
484.789 109.788
484.979 63.788
485.168 99.788
485.358 149.788
485.548 114.788
485.738 143.787
485.927 173.787
486.117 179.787
486.307 84.787
486.496 78.787
486.686 119.787
486.876 141.786
487.066 125.786
487.255 93.786
487.445 68.786
487.635 99.786
487.825 79.786
488.014 109.786
488.204 115.785
488.394 152.785
488.583 113.785
488.773 118.785
488.963 152.785
489.153 98.785
489.342 117.785
489.532 91.784
489.722 108.784
489.912 90.784
490.101 94.784
490.291 123.784
490.481 133.784
490.670 133.783
490.860 136.783
491.050 158.783
491.240 138.783
491.429 106.783
491.619 106.783
491.809 144.783
491.998 103.782
492.188 179.782
492.378 123.782
492.568 104.782
492.757 155.782
492.947 63.782
493.137 151.781
493.327 164.781
493.516 113.781
493.706 131.781
493.896 50.781
494.085 167.781
494.275 158.780
494.465 118.780
494.655 161.780
494.844 169.780
495.034 176.780
495.224 112.780
495.414 138.780
495.603 90.779
495.793 104.779
495.983 121.779
496.172 141.779
496.362 145.779
496.552 127.779
496.742 119.182
496.931 102.165
497.121 112.987
497.311 124.780
497.500 107.807
497.690 126.512
497.880 103.637
498.070 94.642
498.259 136.009
498.449 127.985
498.639 111.110
498.829 151.355
499.018 139.407
499.208 137.305
499.398 155.816
499.587 161.704
499.777 233.114
499.967 170.201
500.157 136.767
500.346 135.655
500.536 159.116
500.726 142.358
500.916 161.732
501.105 121.613
501.295 145.979
501.485 139.994
501.674 175.048
501.864 134.021
502.054 171.792
502.244 166.933
502.433 159.003
502.623 150.265
502.813 171.458
503.003 172.428
503.192 144.160
503.382 178.074
503.572 118.966
503.761 180.981
503.951 170.157
504.141 174.029
504.331 140.147
504.520 219.527
504.710 182.741
504.900 187.581
505.089 150.795
505.279 220.708
505.469 244.933
505.659 199.390
505.848 171.289
506.038 164.506
506.228 249.777
506.418 224.583
506.607 283.692
506.797 231.366
506.987 306.947
507.176 261.404
507.366 287.289
507.556 303.745
507.746 318.925
507.935 325.695
508.125 359.197
508.315 345.336
508.505 401.321
508.694 373.932
508.884 362.360
509.074 366.218
509.263 405.755
509.453 393.218
509.643 426.005
509.833 444.327
510.022 412.504
510.212 392.632
510.402 382.014
510.592 440.354
510.781 476.102
510.971 426.273
511.161 448.950
511.350 438.726
511.540 451.323
511.730 465.340
511.920 444.432
512.109 487.624
512.299 518.722
512.489 424.868
512.678 456.440
512.868 464.682
513.058 443.672
513.248 482.696
513.437 392.347
513.627 410.326
513.817 511.988
514.007 440.081
514.196 453.245
514.386 491.442
514.576 505.650
514.765 463.493
514.955 444.320
515.145 447.264
515.335 478.667
515.524 481.102
515.714 445.738
515.904 446.720
516.094 460.473
516.283 426.091
516.473 441.259
516.663 411.761
516.852 441.259
517.042 408.810
517.232 453.058
517.422 464.857
517.611 521.888
517.801 433.392
517.991 446.174
518.180 459.409
518.370 444.645
518.560 388.542
518.750 429.881
518.939 436.341
519.129 396.026
519.319 432.407
519.509 413.725
519.698 477.638
519.888 460.469
520.078 431.982
520.267 459.486
520.457 468.327
520.647 432.539
520.837 413.893
521.026 450.742
521.216 469.369
521.406 460.545
521.596 433.649
521.785 508.086
521.975 432.246
522.165 397.999
522.354 390.767
522.544 407.385
522.734 435.307
522.924 429.448
523.113 463.175
523.303 474.882
523.493 452.977
523.683 418.863
523.872 412.613
524.062 392.756
524.252 424.857
524.441 495.387
524.631 456.071
524.821 496.365
525.011 531.737
525.200 516.233
525.390 446.033
525.580 504.596
525.769 528.263
525.959 545.127
526.149 532.065
526.339 538.296
526.528 561.839
526.718 566.651
526.908 564.183
527.098 576.129
527.287 622.601
527.477 611.457
527.667 666.427
527.856 616.028
528.046 636.124
528.236 625.955
528.426 638.729
528.615 637.774
528.805 638.119
528.995 699.188
529.185 715.680
529.374 674.688
529.564 644.183
529.754 713.500
529.943 785.064
530.133 867.125
530.323 784.859
530.513 798.037
530.702 805.685
530.892 859.910
531.082 870.322
531.271 862.520
531.461 802.830
531.651 862.123
531.841 848.502
532.030 963.075
532.220 1047.142
532.410 926.109
532.600 961.888
532.789 999.752
532.979 1010.472
533.169 1026.117
533.358 1098.575
533.548 1132.231
533.738 1043.996
533.928 1173.146
534.117 1215.936
534.307 1232.419
534.497 1300.340
534.687 1279.068
534.876 1295.266
535.066 1269.932
535.256 1323.419
535.445 1433.175
535.635 1420.583
535.825 1425.443
536.015 1520.343
536.204 1474.589
536.394 1549.588
536.584 1577.359
536.773 1640.505
536.963 1628.020
537.153 1634.722
537.343 1737.591
537.532 1816.352
537.722 1948.064
537.912 1863.971
538.102 1932.798
538.291 1990.607
538.481 1958.153
538.671 2103.288
538.860 2044.404
539.050 2092.120
539.240 2172.323
539.430 2253.541
539.619 2354.048
539.809 2358.109
539.999 2369.916
540.189 2362.816
540.378 2409.469
540.568 2609.266
540.758 2583.911
540.947 2639.692
541.137 2658.961
541.327 2841.517
541.517 2863.829
541.706 2945.979
541.896 2990.594
542.086 3074.857
542.276 3169.274
542.465 3100.238
542.655 3171.478
542.845 3335.095
543.034 3357.453
543.224 3522.618
543.414 3462.597
543.604 3537.877
543.793 3705.730
543.983 3848.151
544.173 3810.318
544.362 4000.746
544.552 4018.057
544.742 4098.505
544.932 4205.429
545.121 4397.893
545.311 4497.689
545.501 4498.708
545.691 4591.375
545.880 4733.941
546.070 4922.332
546.264 4994.633
546.459 5109.704
546.653 5255.325
546.847 5337.810
547.041 5478.339
547.236 5566.934
547.430 5770.599
547.624 5788.929
547.818 6004.815
548.013 6083.226
548.207 6261.700
548.401 6425.818
548.596 6687.795
548.790 6820.313
548.984 6917.068
549.178 7064.007
549.373 7186.456
549.567 7381.353
549.761 7622.169
549.956 7826.251
550.150 8107.883
550.344 8318.087
550.538 8318.087
550.733 8410.944
550.927 8775.229
551.121 9023.165
551.315 9353.440
551.510 9564.449
551.704 9700.024
551.898 10002.776
552.093 10036.415
552.287 10494.111
552.481 10719.391
552.675 10959.962
552.870 11033.356
553.064 11407.049
553.258 11883.627
553.453 12224.768
553.647 12419.268
553.841 12726.804
554.035 13004.808
554.230 13335.423
554.424 13784.050
554.618 14200.123
554.812 14486.999
555.007 14964.110
555.201 15266.992
555.395 15658.252
555.590 16152.154
555.784 16653.170
555.978 16814.943
556.172 17428.141
556.367 18086.009
556.561 18570.708
556.755 18847.584
556.949 19424.233
557.144 19870.028
557.338 20454.167
557.532 21083.722
557.727 21320.239
557.921 21978.480
558.115 22616.885
558.309 23067.322
558.504 23597.090
558.698 24013.826
558.892 24319.270
559.087 24842.614
559.281 25221.041
559.475 25788.445
559.669 26061.020
559.864 26617.803
560.058 26967.584
560.252 27465.109
560.446 27689.783
560.641 28005.725
560.835 28438.590
561.029 28906.620
561.224 29022.713
561.418 29167.712
561.612 29697.015
561.806 30124.587
562.001 30477.756
562.195 30536.638
562.389 30947.816
562.584 31087.449
562.778 31361.626
562.972 31589.353
563.166 31919.034
563.361 31795.528
563.555 32688.954
563.749 32608.666
563.943 32547.970
564.138 32811.651
564.332 33208.666
564.526 32983.790
564.721 33057.421
564.915 33496.728
565.109 33425.157
565.303 33661.737
565.498 33690.564
565.692 33559.351
565.886 33352.591
566.081 33790.961
566.275 33664.058
566.469 33608.447
566.663 33422.747
566.858 33124.832
567.052 33202.289
567.246 32840.820
567.440 33036.450
567.635 32757.403
567.829 32465.446
568.023 32816.985
568.218 32594.542
568.412 32800.103
568.606 32391.960
568.800 32262.863
568.995 32384.397
569.189 32168.691
569.383 32209.654
569.577 32043.485
569.772 31935.027
569.966 31913.050
570.160 32244.723
570.355 32057.471
570.549 32020.639
570.743 32338.685
570.937 32366.967
571.132 32075.549
571.326 32057.642
571.520 31928.771
571.715 31749.700
571.909 31723.699
572.103 31327.026
572.297 31454.153
572.492 31053.806
572.686 30515.730
572.880 30650.650
573.074 30422.967
573.269 29918.371
573.463 29813.766
573.657 29588.640
573.852 29172.733
574.046 29210.962
574.240 28856.693
574.434 28476.028
574.629 28650.903
574.823 28119.653
575.017 27988.593
575.212 27840.096
575.406 27709.793
575.600 27288.872
575.794 27401.512
575.989 26879.245
576.183 26441.432
576.377 26669.060
576.571 26371.262
576.766 26083.952
576.960 25734.444
577.159 25535.801
577.357 25286.856
577.556 24903.865
577.755 24827.236
577.953 24448.560
578.152 23923.942
578.350 23942.306
578.549 23655.067
578.748 23622.885
578.946 23263.542
579.145 22884.573
579.344 22778.715
579.542 22470.390
579.741 22302.555
579.940 22201.939
580.138 21687.181
580.337 21504.287
580.535 21525.192
580.734 21489.499
580.933 21261.612
581.131 21118.104
581.330 20476.980
581.529 20545.962
581.727 20354.751
581.926 20251.435
582.125 20116.221
582.323 19861.791
582.522 19534.802
582.721 19499.197
582.919 19159.808
583.118 18913.586
583.316 18878.716
583.515 18631.988
583.714 18444.892
583.912 18365.264
584.111 17862.761
584.310 17558.349
584.508 17372.658
584.707 17142.280
584.906 16881.263
585.104 16570.717
585.303 16360.306
585.501 16150.694
585.700 16048.084
585.899 15832.084
586.097 15533.788
586.296 15327.039
586.495 15097.143
586.693 14875.761
586.892 14727.227
587.091 14742.364
587.289 14447.189
587.488 14107.548
587.686 14026.210
587.885 13682.159
588.084 13704.908
588.282 13473.128
588.481 13217.167
588.680 13150.690
588.878 12804.826
589.077 12773.456
589.276 12668.578
589.474 12355.543
589.673 12313.976
589.871 12224.452
590.070 12087.393
590.269 11912.940
590.467 11544.971
590.666 11530.223
590.865 11234.421
591.063 11119.917
591.262 10957.703
591.461 10787.856
591.659 10526.405
591.858 10432.352
592.056 10312.963
592.255 10297.681
592.454 10137.222
592.652 9867.881
592.851 9894.623
593.050 9624.327
593.248 9398.921
593.447 9267.115
593.646 9266.160
593.844 9035.978
594.043 9074.253
594.241 8921.289
594.440 8700.448
594.639 8658.383
594.837 8447.101
595.036 8326.642
595.235 8362.015
595.433 8195.666
595.632 7973.844
595.831 7946.092
596.029 7822.647
596.228 7617.862
596.427 7536.522
596.625 7402.550
596.824 7230.301
597.022 7324.081
597.221 7192.023
597.420 7132.693
597.618 6982.453
597.817 6859.965
598.016 6768.099
598.214 6657.421
598.413 6447.096
598.612 6318.989
598.810 6489.161
599.009 6314.208
599.207 6220.518
599.406 6166.024
599.605 6119.179
599.803 5874.556
600.002 5907.030
600.201 5788.596
600.399 5724.603
600.598 5630.047
600.797 5618.585
600.995 5503.972
601.194 5410.371
601.392 5399.864
601.591 5305.308
601.790 5193.560
601.988 5177.323
602.187 5020.665
602.386 4983.451
602.584 4970.092
602.783 4907.114
602.982 4818.374
603.180 4645.048
603.379 4665.067
603.577 4559.251
603.776 4544.952
603.975 4541.575
604.173 4423.480
604.372 4325.384
604.571 4308.241
604.769 4260.622
604.968 4091.098
605.167 4170.935
605.365 4113.846
605.564 3876.928
605.762 4000.620
605.961 3818.109
606.160 3790.542
606.358 3704.040
606.557 3612.785
606.756 3618.851
606.954 3548.575
607.153 3392.829
607.352 3430.815
607.550 3514.386
607.749 3473.550
607.948 3430.815
608.146 3344.395
608.345 3308.307
608.543 3272.910
608.742 3183.725
608.941 3055.642
609.139 2994.920
609.338 3043.307
609.537 2960.764
609.735 3000.612
609.934 2842.168
610.133 2781.446
610.331 2837.423
610.530 2807.062
610.728 2671.388
610.927 2720.724
611.126 2736.603
611.324 2573.260
611.523 2493.487
611.722 2554.266
611.920 2561.863
612.119 2458.349
612.318 2427.959
612.516 2417.909
612.715 2384.639
612.913 2375.133
613.112 2311.741
613.311 2236.574
613.509 2210.884
613.708 2136.798
613.907 2171.084
614.105 2205.369
614.304 2122.629
614.503 2073.057
614.701 2042.592
614.900 2079.806
615.098 2017.799
615.297 1940.435
615.496 1856.248
615.694 1896.401
615.893 1846.540
616.092 1851.325
616.290 1805.205
616.489 1849.121
616.688 1770.502
616.886 1735.732
617.085 1747.005
617.283 1722.990
617.482 1631.377
617.681 1653.492
617.879 1643.534
618.078 1602.147
618.277 1556.484
618.475 1612.361
618.674 1558.949
618.873 1523.269
619.071 1511.225
619.270 1480.337
619.468 1456.646
619.667 1412.201
619.866 1438.712
620.064 1387.829
620.263 1330.714
620.462 1375.607
620.660 1412.829
620.859 1328.444
621.058 1315.171
621.256 1344.297
621.455 1297.984
621.654 1258.390
621.852 1285.627
622.051 1244.035
622.249 1173.928
622.448 1149.730
622.647 1146.949
622.845 1101.095
623.044 1144.162
623.243 1130.490
623.441 1119.865
623.640 1127.809
623.839 1124.874
624.037 1136.749
624.236 1020.196
624.434 1057.470
624.633 1010.421
624.832 988.831
625.030 1063.476
625.229 1029.095
625.428 967.176
625.626 951.395
625.825 962.222
626.024 939.524
626.222 949.376
626.421 945.381
626.619 864.379
626.818 924.596
627.017 926.497
627.215 834.600
627.414 918.511
627.613 879.935
627.811 838.231
628.010 828.330
628.209 845.999
628.407 847.981
628.606 827.988
628.804 802.194
629.003 803.186
629.202 820.865
629.400 792.066
629.599 803.983
629.798 791.859
629.996 748.121
630.195 824.661
630.394 767.770
630.592 682.198
630.791 757.819
630.990 767.769
631.188 687.172
631.387 722.992
631.585 756.823
631.784 750.852
631.983 759.807
632.181 670.254
632.380 650.353
632.579 678.214
632.777 660.961
632.976 623.112
633.175 631.079
633.373 627.095
633.572 592.234
633.770 643.672
633.969 583.851
634.168 592.823
634.366 571.886
634.565 547.506
634.764 607.386
634.962 675.250
635.161 611.377
635.360 559.481
635.558 539.520
635.757 533.532
635.955 525.547
636.154 553.491
636.353 547.503
636.551 542.512
636.750 645.306
636.949 576.444
637.147 545.505
637.346 552.491
637.545 517.560
637.743 552.490
637.942 472.649
638.140 454.685
638.339 536.983
638.538 512.057
638.736 476.164
638.935 502.086
639.134 468.188
639.332 486.133
639.531 464.199
639.730 487.130
639.928 424.318
640.127 462.204
640.325 425.314
640.524 392.412
640.723 472.172
640.921 491.115
641.120 452.777
641.319 424.888
641.517 438.832
641.716 414.927
641.915 407.955
642.113 393.014
642.312 449.339
642.510 501.080
642.709 463.269
642.908 430.432
643.106 360.422
643.305 421.057
643.504 353.462
643.702 382.289
643.901 377.937
644.100 383.895
644.298 402.762
644.497 390.458
644.696 374.584
644.894 346.806
645.093 402.953
645.291 371.238
645.490 322.675
645.689 286.712
645.887 330.276
646.086 342.156
646.285 292.651
646.483 327.969
646.682 349.730
646.881 320.056
647.079 361.241
647.278 316.774
647.476 321.714
647.675 308.563
647.874 347.062
648.072 321.079
648.271 314.175
648.470 367.429
648.668 355.244
648.867 336.524
649.066 301.056
649.264 320.444
649.463 278.121
649.661 326.349
649.860 378.142
650.059 297.512
650.257 299.478
650.456 337.494
650.655 290.342
650.853 277.299
651.052 225.287
651.251 273.373
651.449 287.810
651.648 294.673
651.846 264.021
652.045 288.507
652.244 324.427
652.442 315.621
652.641 351.480
652.840 279.143
653.038 279.847
653.237 253.479
653.436 251.280
653.634 234.694
653.833 303.666
654.032 329.981
654.230 303.369
654.429 272.210
654.627 242.025
654.826 216.497
655.025 254.434
655.223 262.933
655.422 250.299
655.621 286.949
655.819 295.686
656.018 285.977
656.217 258.541
656.415 289.579
656.614 307.708
656.812 240.847
657.011 260.227
657.210 238.909
657.408 271.591
657.607 235.772
657.806 251.261
658.004 273.261
658.203 204.595
658.402 203.628
658.600 197.824
658.799 203.430
658.997 187.004
659.196 226.618
659.395 189.902
659.593 211.158
659.792 281.689
659.991 284.587
660.189 203.231
660.388 210.952
660.587 228.326
660.785 217.708
660.984 201.298
661.182 228.325
661.381 265.969
661.580 218.671
661.778 153.182
661.977 182.167
662.176 214.050
662.374 272.021
662.573 216.948
662.772 158.010
662.970 248.831
663.169 207.485
663.367 204.584
663.566 219.090
663.765 203.616
663.963 228.760
664.162 144.620
664.361 212.318
664.559 172.666
664.758 190.074
664.957 195.876
665.155 152.355
665.354 211.553
665.552 174.767
665.751 137.012
665.950 210.584
666.148 200.903
666.347 164.116
666.546 178.637
666.744 185.592
666.943 159.429
667.142 200.126
667.340 204.002
667.539 160.397
667.738 228.447
667.936 219.717
668.135 139.212
668.333 191.774
668.532 175.269
668.731 184.977
668.929 184.006
669.128 219.928
669.327 166.691
669.525 238.605
669.724 179.498
669.923 171.715
670.121 179.497
670.320 185.514
670.518 194.276
670.717 178.871
670.916 207.135
671.114 205.386
671.313 158.556
671.512 199.531
671.710 177.265
671.909 174.334
672.108 204.807
672.306 143.223
672.505 153.148
672.703 123.793
672.902 148.254
673.101 162.111
673.299 194.432
673.498 146.583
673.697 153.445
673.895 130.043
674.094 208.550
674.293 146.869
674.491 155.709
674.690 189.107
674.888 124.396
675.087 149.961
675.286 149.124
675.484 193.415
675.683 117.743
675.882 111.831
676.080 140.540
676.279 139.553
676.478 149.562
676.676 112.160
676.875 164.531
677.073 122.161
677.272 145.900
677.471 145.053
677.669 165.845
677.868 163.036
678.067 128.347
678.265 176.910
678.464 154.267
678.663 135.417
678.861 168.155
679.060 139.523
679.259 152.432
679.457 196.126
679.656 123.756
679.854 133.695
680.053 166.664
680.252 126.862
680.450 169.817
680.649 141.928
680.848 140.075
681.046 111.161
681.245 166.162
681.444 129.235
681.642 70.352
681.841 123.369
682.039 132.492
682.238 168.491
682.437 153.491
682.635 150.641
682.834 102.592
683.033 145.635
683.231 123.736
683.430 66.621
683.629 120.850
683.827 133.888
684.026 124.861
684.224 121.974
684.423 165.146
684.622 186.229
684.820 105.908
685.019 183.216
685.218 157.269
685.416 136.163
685.615 109.027
685.814 90.936
686.012 74.930
686.211 154.406
686.409 97.062
686.608 109.134
686.807 119.193
687.005 169.495
687.204 149.373
687.403 80.962
687.601 91.022
687.800 139.311
687.999 85.991
688.197 110.246
688.396 98.161
688.594 100.174
688.793 123.336
688.992 110.244
689.190 107.222
689.389 140.454
689.588 76.002
689.786 165.629
689.985 196.847
690.184 128.367
690.382 107.219
690.581 101.176
690.779 119.302
690.978 134.272
691.177 137.289
691.375 106.102
691.574 79.944
691.773 100.064
691.971 164.450
692.170 139.298
692.369 63.845
692.567 81.871
692.766 53.730
692.965 122.071
693.163 111.015
693.362 84.884
693.560 120.942
693.759 127.970
693.958 104.877
694.156 74.756
694.355 107.888
694.554 156.080
694.752 91.822
694.951 90.726
695.150 55.621
695.348 125.831
695.547 135.860
695.745 94.641
695.944 100.653
696.143 83.618
696.341 135.721
696.540 142.592
696.743 94.543
696.946 117.566
697.149 117.448
697.352 99.447
697.555 113.446
697.757 80.365
697.960 53.392
698.163 105.339
698.366 63.317
698.569 59.325
698.772 80.282
698.975 83.192
699.178 64.249
699.381 70.160
699.584 147.849
699.787 96.955
699.989 107.899
700.192 74.988
700.395 109.779
700.598 132.641
700.801 114.634
701.004 107.682
701.207 90.709
701.410 100.629
701.613 60.886
701.816 117.377
702.019 161.814
702.221 128.150
702.424 130.001
702.627 42.958
702.830 83.429
703.033 146.669
703.236 127.768
703.439 109.998
703.642 160.343
703.845 159.198
704.048 107.915
704.251 78.252
704.453 135.394
704.656 91.953
704.859 102.779
705.062 116.443
705.265 136.108
705.468 84.893
705.671 59.352
705.874 88.734
706.077 96.584
706.280 117.077
706.483 74.920
706.685 88.558
706.888 106.187
707.091 78.685
707.294 49.330
707.497 62.967
707.700 91.314
707.903 79.505
708.106 70.716
708.309 104.792
708.512 84.304
708.715 46.254
708.917 93.967
709.120 109.561
709.323 28.636
709.526 97.768
709.729 6.233
709.932 85.999
710.135 89.889
710.338 77.167
710.541 95.631
710.744 69.392
710.947 117.867
711.149 98.449
711.352 64.468
711.555 71.194
711.758 85.742
711.961 144.908
712.164 101.260
712.367 141.027
712.570 77.905
712.773 70.152
712.976 126.353
713.179 67.244
713.381 63.367
713.584 112.785
713.787 114.611
713.990 135.908
714.193 102.025
714.396 120.418
714.599 70.078
714.802 66.205
715.005 60.396
715.208 102.990
715.411 91.372
715.613 41.033
715.816 68.138
716.019 121.380
716.222 149.453
716.425 97.177
716.628 91.457
716.831 78.859
717.034 69.169
717.237 71.175
717.440 55.655
717.643 94.544
717.845 106.193
718.048 70.339
718.251 116.985
718.454 113.207
718.657 77.214
718.860 71.446
719.063 87.110
719.266 190.423
719.469 98.901
719.672 71.653
719.875 53.149
720.077 31.674
720.280 100.167
720.483 112.997
720.686 69.969
720.889 70.037
721.092 68.141
721.295 92.789
721.498 92.880
721.701 109.611
721.904 79.177
722.107 124.619
722.309 70.377
722.512 58.600
722.715 100.159
722.918 45.811
723.121 98.279
723.324 101.245
723.527 92.434
723.730 79.562
723.933 77.581
724.136 127.211
724.339 80.629
724.541 118.290
724.744 58.882
724.947 92.612
725.150 69.794
725.353 97.571
725.556 111.569
725.759 145.332
725.962 92.700
726.165 70.852
726.368 75.892
726.571 86.826
726.773 78.872
726.976 112.669
727.179 78.871
727.382 93.874
727.585 73.973
727.788 58.051
727.991 83.921
728.194 48.100
728.397 130.686
728.600 161.531
728.803 113.769
729.005 106.803
729.208 73.966
729.411 172.473
729.614 84.910
729.817 104.810
730.020 56.053
730.223 40.131
730.426 54.061
730.629 112.767
730.832 112.766
731.035 149.730
731.237 97.936
731.440 81.999
731.643 55.106
731.846 88.061
732.049 58.150
732.252 95.039
732.455 153.861
732.658 110.989
732.861 78.087
733.064 120.958
733.267 61.197
733.469 105.109
733.672 33.252
733.875 55.207
734.078 146.024
734.281 93.129
734.484 95.124
734.687 124.190
734.890 104.209
735.093 134.178
735.296 74.237
735.499 34.276
735.701 111.198
735.904 66.309
736.107 48.308
736.310 124.307
736.513 104.411
736.716 48.354
736.919 65.370
737.122 104.513
737.325 65.434
737.528 98.598
737.731 100.603
737.933 126.680
738.136 140.863
738.339 146.886
738.542 82.628
738.745 93.765
738.948 82.709
739.151 89.744
739.354 70.647
739.557 41.501
739.760 103.916
739.963 140.132
740.165 101.902
740.368 61.660
740.571 127.179
740.774 119.122
740.977 73.804
741.180 120.127
741.383 108.041
741.586 57.746
741.789 114.197
741.992 154.519
742.195 127.300
742.397 95.041
742.600 96.145
742.803 86.053
743.006 64.862
743.209 123.512
743.412 87.148
743.615 122.500
743.818 104.317
744.021 176.034
744.224 114.417
744.427 68.961
744.629 90.263
744.832 116.552
745.035 83.184
745.238 56.894
745.441 63.970
745.644 84.192
745.847 84.191
746.050 100.368
746.253 59.922
746.456 95.407
746.659 66.054
746.861 106.539
747.064 82.246
747.267 60.990
747.470 47.831
747.673 47.830
747.876 111.482
748.079 99.347
748.282 143.836
748.485 108.446
748.688 110.467
748.891 88.221
749.093 64.964
749.296 60.919
749.499 45.751
749.702 78.106
749.905 89.227
750.108 92.260
750.311 121.459
750.514 97.313
750.717 73.046
750.920 26.533
751.123 77.088
751.325 121.576
751.528 114.382
751.731 55.795
751.934 164.885
752.137 154.783
752.340 117.408
752.543 140.640
752.746 139.488
752.949 70.869
753.152 70.868
753.355 132.421
753.557 148.415
753.760 112.124
753.963 112.010
754.166 133.157
754.369 152.290
754.572 85.824
754.775 120.063
754.978 90.766
755.181 100.825
755.384 81.709
755.587 91.769
755.789 135.027
755.992 107.863
756.195 135.025
756.398 170.235
756.601 137.035
756.804 129.992
757.007 89.749
757.210 122.947
757.413 149.959
757.616 148.952
757.819 121.816
758.021 149.955
758.224 139.904
758.427 105.626
758.630 108.637
758.833 128.716
759.036 108.635
759.239 56.425
759.442 140.761
759.645 100.499
759.848 107.519
760.051 161.680
760.253 139.613
760.456 120.434
760.659 133.459
760.862 126.444
761.065 85.275
761.268 104.293
761.471 149.337
761.674 165.352
761.877 170.185
762.080 105.184
762.283 125.183
762.485 120.182
762.688 119.181
762.891 121.059
763.094 153.026
763.297 194.983
763.500 139.038
763.706 221.954
763.912 114.060
764.118 111.062
764.325 121.051
764.531 144.881
764.737 106.956
764.943 36.097
765.149 122.922
765.355 178.809
765.561 152.860
765.768 157.849
765.974 150.711
766.180 155.695
766.386 140.739
766.592 125.783
766.798 128.772
767.004 100.855
767.210 157.683
767.417 171.640
767.623 171.639
767.829 164.659
768.035 159.673
768.241 97.857
768.447 121.784
768.653 146.562
768.860 86.800
769.066 137.596
769.272 190.383
769.478 194.366
769.684 244.166
769.890 155.365
770.096 172.279
770.303 133.472
770.509 151.381
770.715 131.479
770.921 125.508
771.127 160.333
771.333 151.376
771.539 164.311
771.745 118.538
771.952 169.283
772.158 151.372
772.364 172.266
772.570 135.449
772.776 155.194
772.982 170.103
773.188 187.000
773.395 158.172
773.601 162.147
773.807 151.212
774.013 160.157
774.219 148.227
774.425 128.345
774.631 127.350
774.838 141.265
775.044 190.966
775.250 139.275
775.456 136.291
775.662 99.511
775.868 124.360
776.074 159.150
776.281 150.203
776.487 139.267
776.693 124.356
776.899 99.503
777.105 163.120
777.311 174.054
777.517 139.261
777.723 149.200
777.930 186.972
778.136 146.216
778.342 156.155
778.548 151.183
778.754 169.075
778.960 149.193
779.166 140.106
779.373 132.160
779.579 152.171
779.785 197.895
779.991 151.174
780.197 165.090
780.403 178.011
780.609 109.421
780.816 98.485
781.022 147.192
781.228 181.982
781.434 175.022
781.640 234.663
781.846 168.228
782.052 168.227
782.259 129.420
782.465 124.443
782.671 127.427
782.877 163.247
783.083 143.488
783.289 167.391
783.495 70.776
783.701 87.707
783.908 88.702
784.114 80.732
784.320 63.799
784.526 101.646
784.732 56.824
784.938 65.852
785.144 82.800
785.351 114.703
785.557 78.809
785.763 128.658
785.969 101.738
786.175 84.787
786.381 94.850
786.587 117.803
786.794 143.750
787.000 78.800
787.206 160.553
787.412 60.851
787.618 78.874
787.824 101.827
788.030 54.919
788.236 116.794
788.443 88.849
788.649 35.953
788.855 93.836
789.061 109.802
789.267 60.899
789.473 63.955
789.679 93.924
789.886 132.883
790.092 147.015
790.298 101.014
790.504 83.012
790.710 116.011
790.916 102.009
791.122 100.108
791.329 117.123
791.535 67.072
791.741 80.084
791.947 129.261
792.153 105.211
792.359 59.117
792.565 100.198
792.771 98.193
792.978 95.281
793.184 96.282
793.390 81.235
793.596 148.436
793.802 94.272
794.008 116.336
794.214 42.154
794.421 69.261
794.627 165.645
794.833 108.415
795.039 83.313
795.245 131.637
795.451 93.444
795.657 111.533
795.864 122.587
796.070 51.229
796.276 96.550
796.482 126.730
796.688 107.614
796.894 113.648
797.100 73.479
797.307 75.492
797.513 72.469
797.719 72.467
797.925 61.388
798.131 59.433
798.337 65.479
798.543 110.841
798.749 88.662
798.956 90.676
799.162 78.657
799.368 102.874
799.574 85.718
799.780 45.353
799.986 102.973
800.192 1.961
800.399 111.050
800.605 54.483
800.811 74.684
801.017 118.236
801.223 118.234
801.429 51.498
801.635 117.220
801.842 30.262
802.048 88.905
802.254 68.681
802.460 31.300
802.666 21.176
802.872 88.989
803.078 114.291
803.285 85.949
803.491 74.814
803.697 84.933
803.903 83.920
804.109 55.578
804.315 -16.286
804.521 48.489
804.727 47.476
804.934 114.276
805.140 93.113
805.346 52.585
805.552 74.873
805.758 105.266
805.964 61.698
806.170 49.589
806.377 99.283
806.583 41.472
806.789 40.456
806.995 17.127
807.201 36.432
807.407 44.552
807.613 94.297
807.820 68.914
808.026 55.715
808.232 39.509
808.438 79.142
808.644 60.847
808.850 60.846
809.056 53.730
809.262 7.997
809.469 46.660
809.675 -7.258
809.881 31.397
810.087 29.391
810.293 23.279
810.499 64.010
810.705 95.577
810.912 44.659
811.118 79.280
811.324 45.673
811.530 13.085
811.739 87.510
811.947 83.431
812.156 73.235
812.365 65.079
812.573 73.232
812.782 99.734
812.990 43.666
813.199 93.614
813.408 66.089
813.616 51.816
813.825 109.918
814.034 6.967
814.242 43.700
814.451 28.392
814.659 83.492
814.868 118.184
815.077 78.386
815.285 56.956
815.494 54.913
815.703 78.381
815.911 41.644
816.120 53.887
816.329 123.273
816.537 61.026
816.746 49.800
816.954 68.165
817.163 51.837
817.372 45.759
817.580 26.349
817.789 16.133
817.998 46.775
818.206 37.580
818.415 99.886
818.624 72.305
818.832 65.153
819.041 60.044
819.249 47.784
819.458 16.117
819.667 43.695
819.875 -1.250
820.084 46.707
820.293 45.685
820.501 64.050
820.710 41.599
820.919 12.005
821.127 33.432
821.336 47.716
821.544 16.081
821.753 33.460
821.962 46.737
822.170 61.035
822.379 39.583
822.588 60.010
822.796 101.887
823.005 64.091
823.213 28.339
823.422 43.658
823.631 40.592
823.839 5.860
824.048 -19.678
824.257 -5.374
824.465 10.950
824.674 20.132
824.883 45.640
825.091 1.762
825.300 -6.412
825.508 26.273
825.717 44.657
825.926 35.462
826.134 77.339
826.343 24.221
826.552 62.013
826.760 24.217
826.969 75.288
827.178 17.063
827.386 101.841
827.595 54.852
827.803 4.799
828.012 11.947
828.221 44.631
828.429 89.573
828.638 39.519
828.847 57.903
829.055 30.322
829.264 65.049
829.472 -16.669
829.681 13.958
829.890 19.077
830.098 51.762
830.307 93.543
830.516 87.419
830.724 70.069
830.933 73.128
831.142 39.453
831.350 68.022
831.559 51.640
831.767 1.689
831.976 64.888
832.185 34.304
832.393 80.174
832.602 -1.378
832.811 51.627
833.019 62.838
833.228 62.835
833.437 49.581
833.645 54.676
833.854 41.422
834.062 -7.510
834.271 4.715
834.480 6.749
834.688 40.352
834.897 67.845
835.106 29.146
835.314 20.975
835.523 3.679
835.731 83.026
835.940 13.847
836.149 43.346
836.357 53.517
836.566 73.860
836.775 56.564
836.983 37.233
837.192 -7.523
837.401 38.207
837.609 60.562
837.818 32.104
838.026 84.948
838.235 49.376
838.444 -7.537
838.652 16.851
838.861 107.296
839.070 10.748
839.278 52.413
839.487 43.264
839.696 34.115
839.904 28.015
840.113 41.224
840.321 -1.461
840.530 19.878
840.739 25.946
840.947 34.066
841.156 61.474
841.365 30.030
841.573 0.556
841.782 35.071
841.991 39.129
842.199 3.594
842.408 50.292
842.616 41.152
842.825 48.256
843.034 20.821
843.242 16.762
843.451 60.370
843.660 70.510
843.868 60.365
844.077 41.093
844.285 5.593
844.494 49.201
844.703 35.000
844.911 50.210
845.120 12.669
845.329 10.640
845.537 17.748
845.746 4.561
845.955 41.069
846.163 60.336
846.372 50.192
846.580 70.473
846.789 -3.566
846.998 -13.711
847.206 76.550
847.415 14.682
847.624 23.807
847.832 29.889
848.041 39.014
848.250 69.438
848.458 53.208
848.667 49.148
848.875 81.600
849.084 24.777
849.293 47.064
849.501 30.850
849.710 -42.101
849.919 14.634
850.127 8.552
850.336 48.063
850.544 38.942
850.753 47.045
850.962 32.857
851.170 62.237
851.379 10.562
851.588 46.020
851.796 17.649
852.005 39.936
852.214 46.012
852.422 3.459
852.631 55.181
852.839 35.908
853.048 88.644
853.257 -22.921
853.465 30.829
853.674 44.010
853.883 4.454
854.091 62.260
854.300 40.959
854.509 38.928
854.717 39.939
854.926 27.766
855.134 -1.647
855.343 8.481
855.552 34.821
855.760 -1.656
855.969 -34.081
856.178 35.825
856.386 86.481
856.595 57.096
856.803 11.512
857.012 9.481
857.221 33.818
857.429 3.389
857.638 32.798
857.847 43.996
858.055 26.734
858.264 70.386
858.473 68.352
858.681 59.273
858.890 19.635
859.098 52.153
859.307 32.841
859.516 13.542
859.724 42.023
859.933 20.657
860.142 19.657
860.350 10.489
860.559 66.494
860.768 44.087
860.976 35.938
861.185 60.374
861.393 27.813
861.602 26.790
861.811 55.330
862.019 12.513
862.228 4.355
862.437 30.855
862.645 5.368
862.854 40.064
863.062 24.755
863.271 93.119
863.480 47.245
863.688 19.663
863.897 2.295
864.106 47.284
864.314 96.360
864.523 92.267
864.732 44.252
864.940 -11.023
865.149 38.104
865.357 34.006
865.566 -6.946
865.775 20.715
865.983 10.476
866.192 72.011
866.401 88.509
866.609 46.411
866.818 15.623
867.027 60.841
867.235 77.361
867.444 39.292
867.652 23.881
867.861 16.685
868.070 48.691
868.278 52.815
868.487 40.470
868.696 33.235
868.904 52.914
869.113 -2.935
869.321 47.786
869.530 31.251
869.739 45.803
869.947 29.202
870.156 14.691
870.365 -16.482
870.573 29.252
870.782 4.305
870.991 38.681
871.199 3.264
871.408 29.360
871.616 23.117
871.825 30.460
872.034 68.113
872.242 17.919
872.451 36.802
872.660 55.725
872.868 17.964
873.077 -13.566
873.286 0.100
873.494 18.010
873.703 16.970
873.911 -10.471
874.120 24.398
874.329 32.886
874.537 29.739
874.746 13.860
874.955 26.609
875.163 37.300
875.372 22.427
875.581 -8.470
875.789 -39.433
875.998 15.008
876.206 51.384
876.415 49.294
876.624 42.912
876.832 -4.257
877.041 -26.822
877.250 -9.650
877.458 7.558
877.667 44.200
877.875 19.433
878.084 51.847
878.293 3.247
878.501 5.408
878.710 31.384
878.919 40.081
879.127 22.742
879.336 33.609
879.545 62.957
879.753 10.836
879.962 13.017
880.170 59.752
880.379 73.878
880.588 4.314
880.796 29.337
881.005 -21.810
881.214 1.036
881.422 11.926
881.631 69.656
881.840 19.543
882.048 35.879
882.257 -0.073
882.465 44.633
882.674 41.357
882.883 69.706
883.091 6.459
883.300 56.673
883.509 46.843
883.717 46.890
883.926 -48.196
884.134 52.346
884.343 34.893
884.552 22.854
884.760 5.350
884.969 26.156
885.178 32.759
885.386 44.815
885.595 54.739
885.804 -0.150
886.012 54.730
886.221 41.599
886.429 37.199
886.638 76.839
886.847 79.122
887.055 72.589
887.264 6.432
887.473 24.095
887.681 13.067
887.890 50.687
888.099 25.268
888.307 117.309
888.516 37.523
888.724 33.116
888.933 69.855
889.142 44.316
889.350 93.413
889.559 17.619
889.768 27.659
889.976 45.562
890.185 9.803
890.393 22.064
890.602 12.014
890.811 -34.827
891.019 -30.338
891.228 23.057
891.437 26.356
891.645 -51.226
891.854 19.600
892.063 14.039
892.271 4.098
892.480 6.277
892.688 63.151
892.897 32.405
893.106 13.831
893.314 14.882
893.523 34.310
893.732 46.110
893.940 23.376
894.149 10.406
894.358 55.336
894.566 31.708
894.775 16.710
894.983 11.351
895.192 12.383
895.401 -19.407
895.609 -6.699
895.818 5.948
896.027 -26.632
896.235 40.505
896.444 48.783
896.652 27.771
896.861 21.464
897.070 70.221
897.278 79.397
897.487 6.831
897.696 -27.208
897.904 -9.667
898.113 41.639
898.322 62.020
898.530 0.601
898.739 24.041
898.947 0.589
899.156 -10.585
899.365 4.629
899.573 -6.514
899.782 33.898
899.991 3.583
900.199 34.758
900.408 27.683
900.617 43.670
900.825 11.546
901.034 14.515
901.242 -18.439
901.451 -4.463
901.660 47.231
901.868 24.339
902.077 -12.384
902.286 21.286
902.494 61.814
902.703 10.364
902.911 -30.095
903.120 -8.396
903.329 27.014
903.537 -28.027
903.746 29.895
903.955 19.058
904.163 50.345
904.372 58.111
904.581 62.932
904.789 37.463
904.998 28.658
905.206 38.315
905.415 43.127
905.624 22.712
905.832 41.095
906.041 22.657
906.250 29.400
906.458 29.366
906.667 -15.069
906.876 28.335
907.084 22.522
907.293 -30.440
907.501 21.528
907.710 -2.537
907.919 59.900
908.127 62.717
908.336 29.094
908.545 -5.422
908.753 26.157
908.962 -6.378
909.170 -4.467
909.379 23.226
909.588 -27.374
909.796 -5.428
910.005 57.484
910.214 27.900
910.422 46.942
910.631 87.806
910.840 48.790
911.048 -22.555
911.257 54.436
911.465 44.925
911.674 37.315
911.883 47.721
912.091 40.080
912.300 6.867
912.508 29.604
912.716 44.765
912.924 74.073
913.132 7.779
913.340 0.198
913.549 47.496
913.757 -7.382
913.965 22.887
914.173 -1.717
914.381 48.374
914.589 35.136
914.797 49.355
915.005 -24.445
915.213 37.079
915.421 20.975
915.629 -36.796
915.838 16.244
916.046 24.769
916.254 2.963
916.462 47.462
916.670 60.714
916.878 83.514
917.086 27.584
917.294 -6.551
917.502 12.418
917.710 -16.050
917.919 -28.390
918.127 7.664
918.335 40.897
918.543 19.998
918.751 58.985
918.959 40.918
919.167 -0.914
919.375 -19.950
919.583 20.958
919.791 20.952
919.999 53.347
920.208 56.198
920.416 40.039
920.624 74.423
920.832 -16.232
921.040 44.873
921.248 -28.704
921.456 21.980
921.664 51.688
921.872 16.257
922.080 -1.007
922.288 37.373
922.497 -2.946
922.705 53.779
922.913 43.237
923.121 -9.714
923.329 2.806
923.537 31.730
923.745 -2.995
923.953 -22.328
924.161 -1.080
924.369 36.667
924.578 48.324
924.786 2.777
924.994 40.677
925.202 17.347
925.410 30.032
925.618 -18.660
925.826 2.758
926.034 -37.283
926.242 28.196
926.450 -9.002
926.658 21.375
926.867 -10.996
927.075 36.173
927.283 37.186
927.491 22.460
927.699 5.693
927.907 53.175
928.115 78.964
928.323 -12.156
928.531 46.461
928.739 2.719
928.947 40.725
929.156 28.718
929.364 -61.289
929.572 -26.296
929.780 38.697
929.988 22.690
930.196 77.682
930.404 93.675
930.612 55.668
930.820 -17.339
931.028 9.653
931.236 -20.354
931.445 24.639
931.653 -2.368
931.861 -30.376
932.069 13.617
932.277 -0.390
932.485 25.602
932.693 5.595
932.901 -3.413
933.109 11.580
933.317 -1.428
933.526 13.565
933.734 2.557
933.942 -17.450
934.150 16.542
934.358 42.535
934.566 37.527
934.774 52.520
934.982 19.512
935.190 35.505
935.398 71.497
935.606 31.489
935.815 37.482
936.023 23.474
936.231 24.466
936.439 46.458
936.647 18.451
936.855 -14.557
937.063 34.435
937.271 32.427
937.479 53.419
937.687 21.412
937.895 34.404
938.104 79.396
938.312 38.388
938.520 -47.620
938.728 -2.628
938.936 29.364
939.144 10.356
939.352 56.348
939.560 -11.660
939.768 46.332
939.976 17.324
940.185 -7.684
940.393 54.308
940.601 -8.700
940.809 53.292
941.017 58.284
941.225 18.275
941.433 22.267
941.641 21.259
941.849 2.251
942.057 31.243
942.265 14.234
942.474 35.226
942.682 28.218
942.890 16.209
943.098 -6.799
943.306 13.193
943.514 0.184
943.722 34.176
943.930 -20.832
944.138 23.159
944.346 -30.849
944.554 12.142
944.763 36.134
944.971 42.125
945.179 60.117
945.387 33.108
945.595 38.100
945.803 15.091
946.011 50.082
946.219 24.074
946.427 -7.935
946.635 36.056
946.843 -5.952
947.052 4.039
947.260 37.030
947.468 13.022
947.676 23.013
947.884 58.004
948.092 58.995
948.300 64.986
948.508 47.978
948.716 33.969
948.924 12.960
949.133 16.951
949.341 -1.058
949.549 -14.067
949.757 -14.076
949.965 36.915
950.173 11.906
950.381 -29.103
950.589 8.888
950.797 -32.121
951.005 41.870
951.213 18.861
951.422 -7.148
951.630 0.843
951.838 24.833
952.046 11.824
952.254 41.815
952.462 64.806
952.670 37.797
952.878 9.787
953.086 -20.222
953.294 -26.231
953.502 -4.240
953.711 45.750
953.919 16.741
954.127 33.732
954.335 92.722
954.543 65.713
954.751 58.703
954.959 7.694
955.167 13.684
955.375 24.675
955.583 43.666
955.792 13.656
956.000 37.646
956.208 52.637
956.416 32.627
956.624 15.618
956.832 12.608
957.040 5.599
957.248 47.589
957.456 29.579
957.664 -5.430
957.872 0.560
958.081 14.550
958.289 20.540
958.497 -24.469
958.705 -13.479
958.913 9.511
959.121 31.501
959.329 33.491
959.537 17.482
959.745 -23.528
959.953 9.462
960.161 8.452
960.370 30.442
960.578 0.432
960.786 -40.578
960.994 62.412
961.202 36.402
961.410 0.392
961.618 -18.618
961.826 12.372
962.034 10.362
962.242 -24.648
962.451 81.342
962.659 31.332
962.867 30.322
963.075 49.311
963.283 -15.699
963.491 -2.709
963.699 5.281
963.907 7.271
964.115 37.260
964.323 50.250
964.531 32.240
964.740 17.230
964.948 26.219
965.156 59.209
965.364 2.199
965.572 5.188
965.780 36.178
965.999 -0.833
966.218 16.157
966.438 48.147
966.657 17.136
966.876 36.126
967.095 20.115
967.315 29.105
967.534 4.094
967.753 58.084
967.972 -5.927
968.192 14.063
968.411 36.052
968.630 11.042
968.849 25.031
969.068 26.020
969.288 36.010
969.507 27.999
969.726 5.988
969.945 17.978
970.165 33.967
970.384 40.956
970.603 50.946
970.822 43.935
971.042 -5.076
971.261 8.913
971.480 25.903
971.699 0.892
971.919 41.881
972.138 -15.130
972.357 33.859
972.576 48.848
972.795 17.838
973.015 6.827
973.234 -32.184
973.453 31.805
973.672 6.794
973.892 5.783
974.111 26.772
974.330 36.761
974.549 -66.250
974.769 -1.261
974.988 4.728
975.207 -3.283
975.426 -6.294
975.646 -0.305
975.865 -35.316
976.084 80.673
976.303 42.662
976.522 23.651
976.742 -16.360
976.961 34.629
977.180 36.618
977.399 51.607
977.619 68.596
977.838 13.584
978.057 -21.427
978.276 42.562
978.496 72.551
978.715 58.540
978.934 23.529
979.153 9.517
979.372 15.506
979.592 29.495
979.811 55.484
980.030 31.472
980.249 9.461
980.469 -27.550
980.688 43.439
980.907 42.427
981.126 16.416
981.346 9.405
981.565 11.394
981.784 16.382
982.003 -33.629
982.223 -17.640
982.442 28.348
982.661 79.337
982.880 44.326
983.099 55.314
983.319 27.303
983.538 22.292
983.757 28.280
983.976 29.269
984.196 63.258
984.415 36.246
984.634 12.235
984.853 4.223
985.073 -16.788
985.292 -31.799
985.511 5.189
985.730 -56.822
985.949 -39.834
986.169 -9.845
986.388 5.144
986.607 32.132
986.826 -12.879
987.046 -17.891
987.265 57.098
987.484 23.086
987.703 12.075
987.923 -6.936
988.142 2.052
988.361 -36.959
988.580 5.029
988.800 57.018
989.019 8.006
989.238 -6.005
989.457 -45.016
989.676 31.972
989.896 42.961
990.115 2.949
990.334 27.938
990.553 3.926
990.773 14.915
990.992 18.904
991.211 6.892
991.430 35.881
991.650 -5.131
991.869 52.858
992.088 7.847
992.307 -29.165
992.527 -36.176
992.746 37.812
992.965 34.801
993.184 -3.210
993.403 2.778
993.623 26.767
993.842 25.755
994.061 30.744
994.280 49.733
994.500 27.721
994.719 44.710
994.938 28.699
995.157 56.687
995.377 28.676
995.596 25.665
995.815 10.653
996.034 36.642
996.253 5.631
996.473 -64.381
996.692 -33.392
996.911 33.597
997.130 -19.414
997.350 -5.426
997.569 -13.437
997.788 29.552
998.007 58.541
998.227 -10.470
998.446 21.518
998.665 24.507
998.884 18.496
999.104 43.485
999.323 23.474
999.542 -29.537
999.761 32.451
999.980 35.440
1000.200 -3.571
1000.419 19.418
1000.638 8.407
1000.857 -12.604
1001.077 48.385
1001.296 22.374
1001.515 71.363
1001.734 22.352
1001.954 34.341
1002.173 -6.670
1002.392 55.319
1002.611 52.308
1002.830 64.298
1003.050 0.287
1003.269 43.276
1003.488 78.265
1003.707 -22.746
1003.927 5.243
1004.146 11.233
1004.365 27.222
1004.584 15.211
1004.804 -41.799
1005.023 -35.810
1005.242 25.179
1005.461 54.169
1005.681 54.158
1005.900 57.147
1006.119 43.137
1006.338 25.126
1006.557 -13.884
1006.777 32.105
1006.996 -20.905
1007.215 -14.916
1007.434 -50.926
1007.654 -45.936
1007.873 15.053
1008.092 -20.957
1008.311 -1.967
1008.531 -23.978
1008.750 -2.988
1008.969 26.002
1009.188 -13.008
1009.407 -13.018
1009.627 67.972
1009.846 -25.039
1010.065 9.951
1010.284 17.941
1010.504 17.931
1010.723 -42.079
1010.942 32.912
1011.161 4.902
1011.381 -16.108
1011.600 6.882
1011.819 15.872
1012.038 35.862
1012.258 28.853
1012.477 13.843
1012.696 -47.167
1012.915 -28.176
1013.134 18.814
1013.354 1.805
1013.573 32.795
1013.792 63.786
1014.011 54.776
1014.231 6.767
1014.450 30.757
1014.669 8.748
1014.888 34.739
1015.108 13.730
1015.327 21.720
1015.546 -41.289
1015.765 3.702
1015.984 2.693
1016.204 23.684
1016.423 5.675
1016.642 -5.334
1016.861 -36.343
1017.081 -5.352
1017.300 -1.360
1017.519 7.631
