296.156 42.986
296.345 81.986
296.534 42.986
296.723 30.986
296.912 2.986
297.101 35.986
297.290 -2.014
297.479 22.986
297.668 51.986
297.858 92.986
298.047 -22.014
298.236 -22.014
298.425 -5.014
298.614 59.986
298.803 -7.014
298.992 5.986
299.181 -65.014
299.370 -37.014
299.559 15.986
299.748 11.986
299.937 14.986
300.126 -3.014
300.315 59.986
300.504 23.986
300.693 5.986
300.882 41.986
301.071 43.986
301.260 -19.014
301.449 6.986
301.638 56.986
301.827 43.986
302.016 16.986
302.205 -21.014
302.395 -1.014
302.584 13.986
302.773 -3.014
302.962 45.986
303.151 22.985
303.340 -0.015
303.529 22.985
303.718 -9.015
303.907 -7.015
304.096 62.985
304.285 64.985
304.474 54.985
304.663 21.985
304.852 72.985
305.041 40.985
305.230 18.985
305.419 13.985
305.608 59.985
305.797 46.985
305.986 25.985
306.175 5.985
306.364 -0.015
306.553 33.985
306.743 36.985
306.932 -50.015
307.121 20.985
307.310 24.985
307.499 11.985
307.688 3.985
307.877 16.985
308.066 -6.015
308.255 -10.015
308.444 -24.015
308.633 -43.015
308.822 1.985
309.011 15.985
309.200 9.985
309.389 24.985
309.578 33.985
309.767 1.985
309.956 5.985
310.145 4.985
310.334 6.985
310.523 7.985
310.712 38.985
310.901 54.985
311.091 35.985
311.280 27.985
311.469 76.985
311.658 -14.015
311.847 11.985
312.036 42.985
312.225 17.985
312.414 -5.015
312.603 35.985
312.792 1.985
312.981 51.985
313.170 -1.015
313.349 -17.015
313.527 38.985
313.706 73.985
313.884 -1.015
314.063 -19.015
314.241 17.985
314.420 22.985
314.598 12.985
314.777 -3.015
314.955 -1.015
315.134 7.985
315.312 22.985
315.491 -4.015
315.669 -0.015
315.848 3.985
316.027 -10.015
316.205 4.985
316.384 89.985
316.562 43.985
316.741 14.985
316.919 104.985
317.098 -5.015
317.276 -5.015
317.455 18.985
317.633 2.985
317.812 -24.015
317.990 -16.015
318.169 6.985
318.347 14.985
318.526 14.985
318.705 10.985
318.883 1.985
319.062 21.985
319.240 9.985
319.419 13.985
319.597 -16.015
319.776 -15.015
319.954 12.985
320.133 30.985
320.311 -14.015
320.490 -9.015
320.668 32.985
320.847 -14.015
321.025 46.985
321.204 41.985
321.382 12.985
321.561 35.985
321.740 44.985
321.918 -13.015
322.097 -11.015
322.275 43.985
322.454 37.985
322.632 20.985
322.811 34.985
322.989 -18.015
323.168 0.985
323.346 -24.015
323.525 -0.015
323.703 -39.015
323.882 60.985
324.060 15.985
324.239 3.985
324.418 14.985
324.596 6.985
324.775 25.985
324.953 37.985
325.132 24.985
325.310 3.985
325.489 13.985
325.667 29.985
325.846 -23.015
326.024 6.984
326.203 43.984
326.381 -8.016
326.560 9.984
326.738 31.984
326.917 61.984
327.096 21.984
327.274 56.984
327.453 69.984
327.631 -33.016
327.810 -7.016
327.988 16.984
328.167 18.984
328.345 77.984
328.524 28.984
328.702 61.984
328.881 51.984
329.059 17.984
329.238 -64.016
329.416 -34.016
329.595 -1.016
329.774 41.984
329.952 56.984
330.131 37.984
330.309 -3.016
330.488 15.984
330.666 22.984
330.845 17.984
331.023 -45.016
331.202 14.984
331.380 -25.016
331.559 -22.016
331.737 47.984
331.916 48.984
332.094 71.984
332.273 6.984
332.452 50.984
332.630 10.984
332.809 38.984
332.987 18.984
333.166 42.984
333.344 -41.016
333.523 63.984
333.701 28.984
333.880 -9.016
334.058 29.984
334.237 23.984
334.415 49.984
334.594 -8.016
334.772 -24.016
334.951 -6.016
335.129 28.984
335.308 58.984
335.487 48.984
335.665 39.984
335.844 20.984
336.022 -3.016
336.201 61.984
336.379 10.984
336.558 -11.016
336.736 -10.016
336.915 -7.016
337.093 34.984
337.272 71.984
337.450 47.984
337.629 64.984
337.807 -8.016
337.986 15.984
338.165 11.984
338.343 -17.016
338.522 3.984
338.700 -21.016
338.879 35.984
339.057 46.984
339.236 57.984
339.414 21.984
339.593 54.984
339.771 -18.016
339.950 4.984
340.128 43.984
340.307 -10.016
340.485 -7.016
340.664 -2.016
340.843 13.984
341.021 13.984
341.200 12.984
341.378 -15.016
341.557 20.984
341.735 -20.016
341.914 1.984
342.092 46.984
342.271 19.984
342.449 22.984
342.628 16.984
342.806 10.984
342.985 53.984
343.163 48.984
343.342 -13.016
343.521 26.984
343.699 28.984
343.878 7.984
344.056 3.984
344.235 36.984
344.413 37.984
344.592 13.984
344.770 -32.016
344.949 -30.016
345.127 28.984
345.306 1.984
345.484 -11.016
345.663 43.984
345.841 49.984
346.020 9.984
346.199 14.983
346.377 42.983
346.556 13.983
346.734 -4.017
346.913 5.983
347.091 22.983
347.270 44.983
347.448 36.983
347.627 62.983
347.805 13.983
347.984 41.983
348.162 16.983
348.341 -4.017
348.519 31.983
348.698 23.983
348.876 -15.017
349.055 37.983
349.234 70.983
349.412 69.983
349.591 -1.017
349.769 -6.017
349.948 29.983
350.126 -19.017
350.305 5.983
350.483 -34.017
350.662 -38.017
350.840 32.983
351.019 11.983
351.197 55.983
351.376 13.983
351.554 6.983
351.733 11.983
351.912 22.983
352.090 -15.017
352.269 -24.017
352.447 -8.017
352.626 15.983
352.804 16.983
352.983 -7.017
353.161 4.983
353.340 69.983
353.518 -9.017
353.697 -11.017
353.875 -36.017
354.054 -33.017
354.232 72.983
354.411 77.983
354.590 63.983
354.768 0.983
354.947 45.983
355.125 22.983
355.304 61.983
355.482 -7.017
355.661 7.983
355.839 10.983
356.018 -13.017
356.196 16.983
356.375 22.983
356.553 41.983
356.732 82.983
356.910 45.983
357.089 37.983
357.268 16.983
357.446 49.983
357.625 4.983
357.803 49.983
357.982 45.983
358.160 31.983
358.339 17.983
358.517 -18.017
358.696 -34.017
358.874 44.983
359.053 35.983
359.231 24.983
359.410 20.983
359.588 41.983
359.767 -6.017
359.945 -11.017
360.124 36.983
360.303 32.983
360.481 -4.017
360.660 65.983
360.838 72.983
361.017 29.983
361.195 47.983
361.374 37.983
361.552 2.983
361.731 2.983
361.909 -18.017
362.088 25.983
362.266 -7.017
362.445 30.983
362.623 -21.017
362.802 -14.017
362.981 39.983
363.159 9.983
363.338 63.983
363.516 23.983
363.695 23.983
363.873 18.983
364.052 13.983
364.230 -3.017
364.409 0.983
364.587 -12.017
364.766 0.982
364.944 18.982
365.123 -20.018
365.301 1.982
365.480 9.982
365.660 -6.018
365.839 -6.018
366.019 27.982
366.199 39.982
366.379 43.982
366.558 32.982
366.738 92.982
366.918 7.982
367.098 18.982
367.277 -18.018
367.457 -24.018
367.637 33.982
367.816 17.982
367.996 9.982
368.176 7.982
368.356 -11.018
368.535 11.982
368.715 5.982
368.895 71.982
369.075 54.982
369.254 1.982
369.434 6.982
369.614 -14.018
369.793 53.982
369.973 13.982
370.153 46.982
370.333 12.982
370.512 13.982
370.692 16.982
370.872 32.982
371.051 28.982
371.231 -17.018
371.411 -8.018
371.591 -2.018
371.770 34.982
371.950 54.982
372.130 34.982
372.310 58.982
372.489 5.982
372.669 -4.018
372.849 20.982
373.028 37.982
373.208 60.982
373.388 34.982
373.568 27.982
373.747 48.982
373.927 66.982
374.107 41.982
374.287 5.982
374.466 -35.018
374.646 10.982
374.826 45.982
375.005 72.982
375.185 43.982
375.365 22.982
375.545 8.982
375.724 40.982
375.904 49.982
376.084 12.982
376.263 -23.018
376.443 -7.018
376.623 -53.018
376.803 13.982
376.982 -3.018
377.162 51.982
377.342 46.982
377.522 1.982
377.701 3.982
377.881 47.982
378.061 13.982
378.240 -2.018
378.420 17.982
378.600 46.982
378.780 47.982
378.959 -3.018
379.139 56.982
379.319 19.982
379.499 20.982
379.678 33.982
379.858 -13.018
380.038 30.982
380.217 22.982
380.397 24.982
380.577 68.982
380.757 33.982
380.936 49.982
381.116 -61.018
381.296 -17.018
381.476 -4.018
381.655 -2.018
381.835 25.981
382.015 -8.019
382.194 25.981
382.374 60.981
382.554 20.981
382.734 36.981
382.913 17.981
383.093 8.981
383.273 30.981
383.452 3.981
383.632 38.981
383.812 84.981
383.992 33.981
384.171 3.981
384.351 -13.019
384.531 -6.019
384.711 -12.019
384.890 39.981
385.070 8.981
385.250 44.981
385.429 8.981
385.609 31.981
385.789 61.981
385.969 30.981
386.148 -22.019
386.328 7.981
386.508 36.981
386.688 34.981
386.867 -15.019
387.047 65.981
387.227 7.981
387.406 15.981
387.586 19.981
387.766 3.981
387.946 15.981
388.125 19.981
388.305 5.981
388.485 26.981
388.664 -21.019
388.844 68.981
389.024 45.981
389.204 -19.019
389.383 30.981
389.563 -2.019
389.743 30.981
389.923 43.981
390.102 14.981
390.282 26.981
390.462 31.981
390.641 47.981
390.821 21.981
391.001 -25.019
391.181 -3.019
391.360 -15.019
391.540 33.981
391.720 20.981
391.900 -0.019
392.079 -14.019
392.259 12.981
392.439 -5.019
392.618 29.981
392.798 6.981
392.978 20.981
393.158 23.981
393.337 8.981
393.517 2.981
393.697 42.981
393.877 -13.019
394.056 37.981
394.236 9.981
394.416 20.981
394.595 45.981
394.775 24.981
394.955 54.981
395.135 -4.019
395.314 -3.019
395.494 25.981
395.674 14.981
395.853 34.981
396.033 23.981
396.213 49.981
396.393 1.981
396.572 13.981
396.752 -0.019
396.932 -12.019
397.112 8.981
397.291 -43.019
397.471 13.980
397.651 64.980
397.830 68.980
398.010 -3.020
398.190 15.980
398.370 38.980
398.549 34.980
398.729 49.980
398.909 7.980
399.089 -25.020
399.268 6.980
399.448 83.980
399.628 47.980
399.807 27.980
399.987 49.980
400.167 42.980
400.347 -0.020
400.526 35.980
400.706 6.980
400.886 7.980
401.065 12.980
401.245 29.980
401.425 6.980
401.605 3.980
401.784 12.980
401.964 -16.020
402.144 15.980
402.324 16.980
402.503 15.980
402.683 20.980
402.863 29.980
403.042 21.980
403.222 -25.020
403.402 19.980
403.582 42.980
403.761 -14.020
403.941 3.980
404.121 50.980
404.301 -4.020
404.480 4.980
404.660 -43.020
404.844 11.980
405.029 21.980
405.213 15.980
405.398 34.980
405.582 6.980
405.767 9.980
405.951 8.980
406.136 -20.020
406.320 46.980
406.505 14.980
406.689 0.980
406.874 54.980
407.058 12.980
407.243 22.980
407.427 53.980
407.612 9.980
407.796 5.980
407.981 41.980
408.165 59.980
408.350 -6.020
408.534 87.980
408.719 36.980
408.903 23.980
409.088 -33.020
409.272 30.980
409.457 32.980
409.641 16.980
409.826 37.980
410.010 34.980
410.195 8.980
410.379 -61.020
410.564 34.980
410.748 47.980
410.933 28.980
411.117 41.980
411.302 4.980
411.486 48.980
411.671 29.980
411.855 81.980
412.040 90.980
412.224 44.980
412.409 3.979
412.593 7.979
412.778 17.979
412.962 37.979
413.147 73.979
413.331 50.979
413.516 77.979
413.700 -10.021
413.885 50.979
414.069 27.979
414.254 12.979
414.438 41.979
414.623 -9.021
414.807 11.979
414.992 -16.021
415.176 -20.021
415.361 31.979
415.545 58.979
415.730 62.979
415.914 66.979
416.099 42.979
416.283 -22.021
416.468 11.979
416.652 60.979
416.837 -6.021
417.021 28.979
417.206 87.979
417.390 88.979
417.575 29.979
417.759 43.979
417.944 26.979
418.128 -11.021
418.313 40.979
418.497 -1.021
418.682 24.979
418.866 14.979
419.051 4.979
419.235 32.979
419.420 68.979
419.604 48.979
419.789 33.979
419.973 39.979
420.158 17.979
420.342 49.979
420.527 22.979
420.711 6.979
420.896 48.979
421.080 58.979
421.265 41.979
421.449 9.979
421.634 79.979
421.818 -0.021
422.003 54.979
422.187 -36.021
422.372 33.979
422.556 37.979
422.741 55.979
422.925 41.979
423.110 41.979
423.294 77.979
423.479 27.979
423.663 23.979
423.848 22.979
424.032 34.979
424.217 41.979
424.401 84.979
424.586 52.979
424.770 84.979
424.955 81.979
425.139 -1.021
425.324 47.979
425.508 68.979
425.693 -1.021
425.877 57.979
426.062 56.979
426.246 -2.022
426.431 62.978
426.615 41.978
426.800 44.978
426.984 83.978
427.169 45.978
427.353 83.978
427.538 69.978
427.722 12.978
427.907 25.978
428.091 31.978
428.276 57.978
428.460 79.978
428.645 56.978
428.829 62.978
429.014 78.978
429.198 113.978
429.383 52.978
429.567 49.978
429.752 40.978
429.936 40.978
430.121 136.978
430.305 51.978
430.490 33.978
430.674 56.978
430.859 68.978
431.043 69.978
431.228 128.978
431.412 82.978
431.597 110.978
431.781 87.978
431.966 110.978
432.150 102.978
432.335 67.978
432.519 132.978
432.704 77.978
432.888 74.978
433.073 54.978
433.257 93.978
433.442 89.978
433.626 89.978
433.811 102.978
433.995 62.978
434.180 98.978
434.364 99.978
434.549 88.978
434.733 80.978
434.918 147.978
435.102 119.978
435.287 84.978
435.471 157.978
435.656 102.978
435.840 119.978
436.030 123.978
436.219 99.978
436.409 104.978
436.599 87.978
436.789 17.978
436.978 100.978
437.168 139.978
437.358 118.978
437.548 111.978
437.737 120.978
437.927 97.978
438.117 122.978
438.306 92.978
438.496 153.978
438.686 156.978
438.876 120.978
439.065 130.978
439.255 105.977
439.445 124.977
439.634 147.977
439.824 118.977
440.014 146.977
440.204 146.977
440.393 172.977
440.583 82.977
440.773 141.977
440.963 125.977
441.152 148.977
441.342 165.977
441.532 140.977
441.721 158.977
441.911 120.977
442.101 147.977
442.291 124.977
442.480 122.977
442.670 148.977
442.860 120.977
443.050 165.977
443.239 111.977
443.429 165.977
443.619 180.977
443.808 144.977
443.998 110.977
444.188 177.977
444.378 218.977
444.567 183.977
444.757 213.977
444.947 178.977
445.137 101.977
445.326 150.977
445.516 181.977
445.706 185.977
445.895 135.977
446.085 211.977
446.275 220.977
446.465 184.977
446.654 219.977
446.844 216.977
447.034 175.977
447.223 129.977
447.413 158.977
447.603 150.977
447.793 173.977
447.982 160.977
448.172 189.977
448.362 245.977
448.552 139.977
448.741 154.977
448.931 208.977
449.121 162.977
449.310 130.977
449.500 201.977
449.690 162.977
449.880 165.977
450.069 106.977
450.259 128.977
450.449 158.977
450.639 108.977
450.828 202.977
451.018 145.977
451.208 153.977
451.397 162.977
451.587 178.977
451.777 132.976
451.967 205.976
452.156 172.976
452.346 175.976
452.536 130.976
452.725 157.976
452.915 141.976
453.105 151.976
453.295 181.976
453.484 241.976
453.674 165.976
453.864 167.976
454.054 149.976
454.243 102.976
454.433 171.976
454.623 115.976
454.812 132.976
455.002 181.976
455.192 167.976
455.382 160.976
455.571 128.976
455.761 190.976
455.951 143.976
456.141 157.976
456.330 143.976
456.520 112.976
456.710 106.976
456.899 152.976
457.089 159.976
457.279 138.976
457.469 160.976
457.658 173.976
457.848 141.976
458.038 141.976
458.228 86.976
458.417 106.976
458.607 125.976
458.797 87.976
458.986 169.976
459.176 119.976
459.366 101.976
459.556 156.976
459.745 163.976
459.935 101.976
460.125 139.976
460.314 61.976
460.504 109.976
460.694 111.976
460.884 98.976
461.073 112.976
461.263 121.976
461.453 128.976
461.643 113.976
461.832 82.976
462.022 119.976
462.212 81.976
462.401 89.976
462.591 136.976
462.781 129.976
462.971 122.976
463.160 150.976
463.350 144.976
463.540 89.975
463.730 158.975
463.919 99.975
464.109 115.975
464.299 160.975
464.488 91.975
464.678 134.975
464.868 130.975
465.058 108.975
465.247 147.975
465.437 105.975
465.627 54.975
465.816 58.975
466.006 94.975
466.196 41.975
466.386 94.975
466.575 84.975
466.765 72.975
466.955 113.975
467.145 120.975
467.334 88.975
467.524 72.975
467.714 72.975
467.903 71.975
468.093 75.975
468.283 59.975
468.473 78.975
468.662 67.975
468.852 97.975
469.042 115.975
469.232 58.975
469.421 86.975
469.611 39.975
469.801 82.975
469.990 59.975
470.180 45.975
470.370 114.975
470.560 96.975
470.749 101.975
470.939 69.975
471.129 69.975
471.318 34.975
471.508 74.975
471.698 104.975
471.888 87.975
472.077 102.975
472.267 28.975
472.457 41.975
472.647 92.975
472.836 48.975
473.026 9.975
473.216 52.975
473.405 62.975
473.595 89.975
473.785 48.975
473.975 42.975
474.164 98.975
474.354 103.975
474.544 75.975
474.734 61.974
474.923 62.974
475.113 91.974
475.303 66.974
475.492 90.974
475.682 27.974
475.872 68.974
476.062 21.974
476.251 44.974
476.441 69.974
476.631 42.974
476.821 55.974
477.010 79.974
477.200 128.974
477.390 87.974
477.579 67.974
477.769 52.974
477.959 87.974
478.149 50.974
478.338 47.974
478.528 45.974
478.718 104.974
478.907 58.974
479.097 -9.026
479.287 39.974
479.477 37.974
479.666 65.974
479.856 47.974
480.046 36.974
480.236 -19.026
480.425 70.974
480.615 61.974
480.805 37.974
480.994 51.974
481.184 58.974
481.374 8.974
481.564 54.974
481.753 54.974
481.943 41.974
482.133 34.974
482.323 56.974
482.512 70.974
482.702 15.974
482.892 77.974
483.081 57.974
483.271 31.974
483.461 74.974
483.651 2.974
483.840 37.974
484.030 62.974
484.220 79.974
484.409 87.974
484.599 14.974
484.789 39.974
484.979 78.973
485.168 13.973
485.358 -6.027
485.548 65.973
485.738 49.973
485.927 57.973
486.117 48.973
486.307 113.973
486.496 70.973
486.686 103.973
486.876 97.973
487.066 62.973
487.255 37.973
487.445 63.973
487.635 67.973
487.825 58.973
488.014 69.973
488.204 40.973
488.394 47.973
488.583 35.973
488.773 97.973
488.963 62.973
489.153 48.973
489.342 36.973
489.532 -9.027
489.722 20.973
489.912 20.973
490.101 29.973
490.291 76.973
490.481 61.973
490.670 41.973
490.860 42.973
491.050 56.973
491.240 97.973
491.429 81.973
491.619 101.973
491.809 81.973
491.998 98.973
492.188 113.973
492.378 85.973
492.568 30.973
492.757 72.973
492.947 76.973
493.137 55.973
493.327 5.973
493.516 10.973
493.706 45.973
493.896 56.973
494.085 7.973
494.275 39.973
494.465 32.973
494.655 10.973
494.844 38.972
495.034 61.972
495.224 57.972
495.414 39.972
495.603 61.972
495.793 76.972
495.983 93.972
496.172 94.972
496.362 100.972
496.552 45.972
496.742 53.704
496.931 51.662
497.121 15.861
497.311 82.314
497.500 68.357
497.690 36.606
497.880 94.928
498.070 75.071
498.259 77.959
498.449 24.627
498.639 46.278
498.829 84.618
499.018 75.685
499.208 20.601
499.398 65.723
499.587 41.189
499.777 109.776
499.967 84.204
500.157 41.068
500.346 51.781
500.536 22.455
500.726 1.926
500.916 95.582
501.105 70.148
501.295 55.528
501.485 26.263
501.674 52.553
501.864 42.774
502.054 56.338
502.244 85.492
502.433 83.468
502.623 70.846
502.813 96.966
503.003 114.424
503.192 38.732
503.382 73.616
503.572 67.802
503.761 58.112
503.951 83.225
504.141 97.746
504.331 110.331
504.520 58.056
504.710 109.362
504.900 14.493
505.089 72.576
505.279 63.926
505.469 72.647
505.659 119.158
505.848 73.616
506.038 81.368
506.228 8.693
506.418 21.290
506.607 56.174
506.797 29.042
506.987 124.003
507.176 102.685
507.366 53.215
507.556 19.333
507.746 88.947
507.935 67.670
508.125 54.078
508.315 109.045
508.505 82.984
508.694 60.724
508.884 25.044
509.074 66.510
509.263 77.118
509.453 69.403
509.643 31.794
509.833 81.939
510.022 81.939
510.212 103.254
510.402 69.470
510.592 97.556
510.781 99.489
510.971 70.571
511.161 98.713
511.350 42.607
511.540 58.111
511.730 94.055
511.920 70.845
512.109 67.999
512.299 59.252
512.489 62.228
512.678 95.395
512.868 62.349
513.058 -3.931
513.248 70.215
513.437 54.659
513.627 50.802
513.817 84.038
514.007 116.409
514.196 66.572
514.386 82.243
514.576 117.618
514.765 80.363
514.955 82.405
515.145 123.621
515.335 76.516
515.524 85.432
515.714 44.175
515.904 53.998
516.094 45.157
516.283 134.548
516.473 133.697
516.663 100.266
516.852 53.068
517.042 88.466
517.232 74.700
517.422 30.452
517.611 65.851
517.801 64.867
517.991 58.967
518.180 20.640
518.370 75.758
518.560 65.915
518.750 54.104
518.939 93.382
519.129 63.884
519.319 58.967
519.509 85.516
519.698 77.650
519.888 71.679
520.078 83.467
520.267 78.556
520.457 102.131
520.647 59.833
520.837 28.429
521.026 61.735
521.216 102.911
521.406 90.166
521.596 122.399
521.785 112.605
521.975 68.463
522.165 38.131
522.354 66.441
522.544 110.429
522.734 109.345
522.924 92.743
523.113 66.312
523.303 83.872
523.493 130.574
523.683 102.309
523.872 92.472
524.062 76.818
524.252 72.927
524.441 76.744
524.631 93.174
524.821 80.474
525.011 134.660
525.200 48.420
525.390 89.999
525.580 113.123
525.769 72.434
525.959 94.565
526.149 90.616
526.339 61.627
526.528 97.179
526.718 116.428
526.908 125.932
527.098 106.598
527.287 96.899
527.477 108.311
527.667 80.430
527.856 88.008
528.046 13.367
528.236 59.243
528.426 105.032
528.615 50.591
528.805 141.191
528.995 48.634
529.185 112.458
529.374 142.963
529.564 99.112
529.754 70.581
529.943 36.229
530.133 54.359
530.323 107.897
530.513 107.044
530.702 119.473
530.892 130.238
531.082 86.259
531.271 88.261
531.461 72.976
531.651 30.768
531.841 63.553
532.030 86.842
532.220 119.892
532.410 76.519
532.600 108.707
532.789 71.953
532.979 111.080
533.169 83.953
533.358 124.235
533.548 91.235
533.738 93.380
533.928 102.431
534.117 114.480
534.307 127.691
534.497 129.928
534.687 118.258
534.876 88.525
535.066 67.764
535.256 123.844
535.445 110.078
535.635 52.072
535.825 151.574
536.015 88.410
536.204 85.481
536.394 87.581
536.584 123.959
536.773 43.358
536.963 28.250
537.153 69.735
537.343 87.012
537.532 128.640
537.722 114.455
537.912 129.653
538.102 125.728
538.291 83.131
538.481 112.543
538.671 77.124
538.860 59.865
539.050 84.231
539.240 88.292
539.430 66.972
539.619 93.368
539.809 43.621
539.999 91.245
540.189 106.457
540.378 111.528
540.568 87.188
540.758 86.173
540.947 146.011
541.137 69.946
541.327 143.983
541.517 116.599
541.706 80.088
541.896 105.550
542.086 118.748
542.276 30.423
542.465 37.530
542.655 88.381
542.845 51.795
543.034 68.056
543.224 75.246
543.414 108.817
543.604 85.419
543.793 107.799
543.983 109.834
544.173 96.707
544.362 76.341
544.552 99.762
544.742 111.982
544.932 113.000
545.121 71.249
545.311 75.322
545.501 98.744
545.691 106.890
545.880 101.799
546.070 100.780
546.264 106.890
546.459 48.845
546.653 74.304
546.847 113.000
547.041 110.963
547.236 68.194
547.430 56.992
547.624 159.843
547.818 81.432
548.013 100.780
548.207 74.379
548.401 99.863
548.596 119.231
548.790 117.193
548.984 112.210
549.178 89.761
549.373 139.761
549.567 94.863
549.761 109.149
549.956 85.679
550.150 88.741
550.344 56.087
550.538 104.047
550.733 135.679
550.927 123.434
551.121 81.514
551.315 133.502
551.510 88.650
551.704 97.824
551.898 130.444
552.093 77.437
552.287 79.475
552.481 82.534
552.675 108.018
552.870 151.850
553.064 75.321
553.258 95.688
553.453 81.431
553.647 118.091
553.841 123.182
554.035 89.578
554.230 99.659
554.424 131.195
554.618 130.178
554.812 125.092
555.007 96.607
555.201 91.428
555.395 113.786
555.590 132.078
555.784 109.720
555.978 140.066
556.172 140.066
556.367 104.533
556.561 85.157
556.755 52.703
556.949 66.834
557.144 104.321
557.338 103.203
557.532 141.665
557.727 102.088
557.921 41.420
558.115 95.924
558.309 172.517
558.504 128.118
558.698 133.029
558.892 85.650
559.087 79.521
559.281 58.314
559.475 127.731
559.669 75.341
559.864 71.321
560.058 111.410
560.252 135.370
560.446 142.391
560.641 96.156
560.835 106.176
561.029 99.063
561.224 90.964
561.418 110.964
561.612 112.851
561.806 160.803
562.001 150.663
562.195 117.728
562.389 125.712
562.584 115.617
562.778 116.614
562.972 97.574
563.166 95.581
563.361 127.454
563.555 129.446
563.749 161.158
563.943 98.471
564.138 136.282
564.332 109.417
564.526 176.083
564.721 146.232
564.915 42.707
565.109 152.051
565.303 134.159
565.498 132.170
565.692 149.069
565.886 151.057
566.081 89.427
566.275 100.261
566.469 96.289
566.663 140.976
566.858 118.136
567.052 112.178
567.246 76.428
567.440 98.275
567.635 87.352
567.829 157.858
568.023 148.921
568.218 165.802
568.412 62.525
568.606 146.934
568.800 149.914
568.995 123.224
569.189 133.164
569.383 124.341
569.577 137.276
569.772 109.416
569.966 120.481
570.160 167.294
570.355 158.329
570.549 139.544
570.743 155.496
570.937 115.731
571.132 113.735
571.326 169.793
571.520 113.849
571.715 143.962
571.909 123.962
572.103 174.137
572.297 111.073
572.492 146.255
572.686 158.279
572.880 139.380
573.074 141.386
573.269 117.432
573.463 129.610
573.657 138.655
573.852 189.097
574.046 162.940
574.240 138.935
574.434 91.603
574.629 150.163
574.823 112.865
575.017 97.842
575.212 67.638
575.406 139.355
575.600 84.896
575.794 153.807
575.989 170.002
576.183 126.608
576.377 104.424
576.571 126.865
576.766 169.504
576.960 155.449
577.159 185.108
577.357 146.600
577.556 140.634
577.755 138.736
577.953 112.435
578.152 143.256
578.350 173.116
578.549 149.704
578.748 213.513
578.946 163.205
579.145 197.288
579.344 171.594
579.542 201.399
579.741 279.221
579.940 216.592
580.138 202.829
580.337 160.656
580.535 135.674
580.734 261.671
580.933 201.991
581.131 228.705
581.330 190.677
581.529 208.210
581.727 212.599
581.926 209.751
582.125 157.331
582.323 216.231
582.522 172.068
582.721 230.503
582.919 299.568
583.118 198.592
583.316 246.791
583.515 253.853
583.714 232.745
583.912 265.919
584.111 273.829
584.310 240.346
584.508 284.717
584.707 249.723
584.906 252.111
585.104 293.575
585.303 305.386
585.501 270.617
585.700 279.848
585.899 308.674
586.097 275.530
586.296 313.113
586.495 318.789
586.693 343.387
586.892 392.583
587.091 297.029
587.289 307.436
587.488 297.975
587.686 378.750
587.885 369.630
588.084 371.526
588.282 392.751
588.481 366.533
588.680 382.678
588.878 403.954
589.077 403.954
589.276 381.503
589.474 419.562
589.673 431.390
589.871 398.057
590.070 479.466
590.269 427.988
590.467 489.952
590.666 481.831
590.865 525.724
591.063 507.595
591.262 522.862
591.461 481.831
591.659 553.396
591.858 547.239
592.056 625.558
592.255 578.757
592.454 540.553
592.652 556.790
592.851 604.545
593.050 685.730
593.248 675.223
593.447 666.627
593.646 661.852
593.844 678.089
594.043 682.561
594.241 804.932
594.440 705.505
594.639 740.878
594.837 775.295
595.036 781.031
595.235 895.754
595.433 894.798
595.632 912.879
595.831 866.946
596.029 888.955
596.228 964.553
596.427 943.501
596.625 992.304
596.824 1003.788
597.022 947.328
597.221 1030.582
597.420 1023.883
597.618 1048.764
597.817 1071.730
598.016 1100.438
598.214 1259.998
598.413 1244.702
598.612 1170.132
598.810 1283.898
599.009 1334.568
599.207 1368.984
599.406 1343.172
599.605 1392.885
599.803 1382.003
600.002 1416.387
600.201 1538.641
600.399 1477.514
600.598 1491.841
600.797 1544.372
600.995 1597.858
601.194 1658.030
601.392 1646.569
601.591 1696.234
601.790 1674.267
601.988 1796.521
602.187 1886.409
602.386 1809.119
602.584 1922.669
602.783 1985.646
602.982 1977.058
603.180 1982.800
603.379 2076.222
603.577 2120.073
603.776 2255.440
603.975 2230.435
604.173 2224.721
604.372 2175.197
604.571 2408.530
604.769 2466.625
604.968 2460.911
605.167 2441.443
605.365 2452.861
605.564 2595.582
605.762 2719.273
605.961 2787.981
606.160 2951.479
606.358 2877.335
606.557 2941.974
606.756 2998.059
606.954 3105.371
607.153 3123.415
607.352 3205.087
607.550 3247.822
607.749 3357.983
607.948 3376.976
608.146 3403.567
608.345 3552.665
608.543 3606.220
608.742 3636.580
608.941 3610.964
609.139 3850.053
609.338 3891.799
609.537 4044.550
609.735 4082.501
609.934 4229.559
610.133 4339.616
610.331 4447.776
610.530 4477.187
610.728 4639.426
610.927 4657.453
611.126 4776.786
611.324 4834.715
611.523 4954.373
611.722 5195.589
611.920 5189.891
612.119 5359.881
612.318 5594.449
612.516 5621.630
612.715 5439.121
612.913 5795.585
613.112 5950.480
613.311 6088.444
613.509 6130.309
613.708 6308.528
613.907 6437.100
614.105 6499.004
614.304 6732.083
614.503 6901.768
614.701 7099.193
614.900 7233.735
615.098 7403.968
615.297 7691.456
615.496 7835.520
615.694 8107.031
615.893 8132.971
616.092 8365.507
616.290 8515.282
616.489 8658.633
616.688 8817.789
616.886 8925.100
617.085 9180.551
617.283 9502.357
617.482 9631.687
617.681 9683.610
617.879 9903.709
618.078 10404.190
618.277 10484.541
618.475 10617.489
618.674 10953.668
618.873 11173.533
619.071 11504.782
619.270 11560.766
619.468 11872.419
619.667 12253.095
619.866 12584.094
620.064 12846.034
620.263 13062.878
620.462 13194.722
620.660 13644.960
620.859 13888.412
621.058 14222.285
621.256 14638.789
621.455 14773.521
621.654 15359.877
621.852 15582.639
622.051 16021.376
622.249 16465.388
622.448 16885.919
622.647 17161.905
622.845 17626.295
623.044 18104.446
623.243 18411.087
623.441 18687.148
623.640 19220.110
623.839 19570.404
624.037 20358.426
624.236 20525.908
624.434 20947.012
624.633 21342.446
624.832 21791.906
625.030 22150.248
625.229 22559.875
625.428 23069.766
625.626 23286.370
625.825 23840.504
626.024 24513.253
626.222 24632.465
626.421 25007.842
626.619 25571.522
626.818 25837.070
627.017 26304.300
627.215 26956.474
627.414 27379.774
627.613 27992.039
627.811 28266.289
628.010 28442.526
628.209 29258.624
628.407 29514.323
628.606 30079.317
628.804 30543.603
629.003 31176.539
629.202 31709.982
629.400 31967.181
629.599 32577.906
629.798 32928.381
629.996 33678.878
630.195 33885.637
630.394 34446.718
630.592 35153.185
630.791 35520.349
630.990 36197.961
631.188 36360.150
631.387 36608.906
631.585 37279.553
631.784 37649.702
631.983 38138.259
632.181 38600.946
632.380 38931.294
632.579 39870.598
632.777 39998.955
632.976 40382.421
633.175 40627.441
633.373 40954.134
633.572 41739.990
633.770 42206.331
633.969 42286.092
634.168 42585.195
634.366 43245.215
634.565 43401.148
634.764 43646.657
634.962 44061.826
635.161 44197.555
635.360 44866.218
635.558 44730.489
635.757 45261.427
635.955 44854.241
636.154 44773.403
636.353 44523.902
636.551 44512.924
636.750 44149.650
636.949 44050.848
637.147 44024.900
637.346 43626.696
637.545 42926.097
637.743 42352.245
637.942 42155.638
638.140 41661.626
638.339 40885.293
638.538 40665.951
638.736 40117.596
638.935 39337.935
639.134 39026.868
639.332 38262.162
639.531 37508.424
639.730 36412.711
639.928 36069.740
640.127 35547.307
640.325 34885.293
640.524 33942.122
640.723 33633.049
640.921 32911.215
641.120 31920.267
641.319 31523.853
641.517 30577.638
641.716 30122.459
641.915 29347.558
642.113 28691.184
642.312 27955.172
642.510 27294.476
642.709 26571.093
642.908 26146.217
643.106 25188.815
643.305 24681.857
643.504 24242.493
643.702 23700.743
643.901 22817.227
644.100 22275.023
644.298 21706.006
644.497 20904.710
644.696 20320.385
644.894 19728.123
645.093 19310.156
645.291 18801.732
645.490 18605.498
645.689 17931.631
645.887 17485.096
646.086 17244.502
646.285 16853.413
646.483 16443.073
646.682 16280.858
646.881 15899.057
647.079 15531.568
647.278 15235.125
647.476 14986.114
647.675 14868.654
647.874 14605.081
648.072 14210.007
648.271 13969.375
648.470 13667.600
648.668 13590.095
648.867 13380.243
649.066 13373.346
649.264 12996.994
649.463 12638.727
649.661 12330.656
649.860 12283.133
650.059 11999.947
650.257 11892.769
650.456 11539.240
650.655 11369.299
650.853 11247.248
651.052 11012.705
651.251 10722.224
651.449 10597.006
651.648 10335.241
651.846 9894.168
652.045 9741.377
652.244 9590.945
652.442 9208.362
652.641 9027.317
652.840 8937.386
653.038 8539.986
653.237 8325.142
653.436 8199.947
653.634 7932.629
653.833 7655.892
654.032 7411.253
654.230 7127.502
654.429 7030.131
654.627 6928.866
654.826 6625.433
655.025 6559.285
655.223 6424.630
655.422 6115.593
655.621 6009.655
655.819 5824.218
656.018 5475.674
656.217 5487.822
656.415 5340.392
656.614 5185.024
656.812 4983.473
657.011 4898.202
657.210 4804.210
657.408 4664.999
657.607 4511.079
657.806 4392.008
658.004 4164.356
658.203 4056.039
658.402 3993.176
658.600 3803.621
658.799 3805.743
658.997 3643.424
659.196 3525.549
659.395 3440.525
659.593 3363.230
659.792 3183.520
659.991 3137.143
660.189 2993.189
660.388 2994.154
660.587 2989.327
660.785 2817.513
660.984 2573.304
661.182 2682.377
661.381 2702.648
661.580 2618.671
661.778 2496.563
661.977 2403.810
662.176 2383.520
662.374 2201.877
662.573 2174.824
662.772 2128.447
662.970 2139.075
663.169 2004.780
663.367 1956.424
663.566 1943.851
663.765 1916.772
663.963 1867.449
664.162 1776.540
664.361 1845.205
664.559 1759.132
664.758 1659.518
664.957 1635.340
665.155 1556.037
665.354 1559.479
665.552 1500.428
665.751 1518.821
665.950 1520.757
666.148 1410.398
666.347 1356.187
666.546 1357.155
666.744 1320.680
666.943 1276.106
667.142 1302.269
667.340 1285.796
667.539 1323.586
667.738 1255.035
667.936 1192.959
668.135 1095.966
668.333 1093.147
668.532 1042.661
668.731 1048.486
668.929 1040.719
669.128 1045.573
669.327 1004.801
669.525 992.168
669.724 945.467
669.923 923.094
670.121 889.047
670.320 900.623
670.518 856.806
670.717 872.261
670.916 869.337
671.114 887.746
671.313 804.820
671.512 843.844
671.710 789.980
671.909 797.793
672.108 755.562
672.306 752.629
672.505 790.548
672.703 632.035
672.902 739.667
673.101 758.021
673.299 702.193
673.498 714.646
673.697 715.627
673.895 625.063
674.094 614.268
674.293 622.730
674.491 618.801
674.690 569.685
674.888 672.506
675.087 569.261
675.286 589.507
675.484 575.727
675.683 554.619
675.882 572.353
676.080 594.614
676.279 556.152
676.478 585.329
676.676 586.896
676.875 576.026
677.073 505.379
677.272 532.085
677.471 496.968
677.669 463.305
677.868 505.389
678.067 501.425
678.265 482.594
678.464 453.311
678.663 465.216
678.861 413.629
679.060 473.622
679.259 491.497
679.457 433.900
679.656 384.629
679.854 436.319
680.053 419.838
680.252 424.813
680.450 394.360
680.649 393.363
680.848 423.666
681.046 390.765
681.245 382.172
681.444 388.160
681.642 347.242
681.841 387.549
682.039 384.936
682.238 290.936
682.437 352.936
682.635 408.345
682.834 367.303
683.033 387.323
683.231 332.601
683.430 401.739
683.629 349.986
683.827 317.890
684.026 398.130
684.224 305.156
684.423 358.369
684.622 337.285
684.820 289.092
685.019 346.321
685.218 353.704
685.416 325.563
685.615 318.528
685.814 288.377
686.012 282.631
686.211 272.570
686.409 314.824
686.608 304.763
686.807 277.600
687.005 278.606
687.204 289.673
687.403 272.570
687.601 317.842
687.800 285.648
687.999 214.220
688.197 274.858
688.396 285.936
688.594 248.675
688.793 291.978
688.992 227.527
689.190 213.428
689.389 242.632
689.588 197.315
689.786 233.569
689.985 207.385
690.184 238.604
690.382 243.639
690.581 191.272
690.779 242.632
690.978 258.484
691.177 247.418
691.375 236.351
691.574 227.297
691.773 182.025
691.971 202.146
692.170 252.448
692.369 208.182
692.567 218.023
692.766 228.073
692.965 178.827
693.163 197.922
693.362 146.666
693.560 138.486
693.759 188.687
693.958 257.964
694.156 195.715
694.355 170.614
694.554 180.655
694.752 166.598
694.951 174.455
695.150 134.335
695.348 201.536
695.547 182.479
695.745 137.206
695.944 195.322
696.143 208.348
696.341 140.212
696.540 230.161
696.743 201.132
696.946 189.120
697.149 176.931
697.352 222.931
697.555 171.931
697.757 129.801
697.960 172.758
698.163 170.760
698.366 141.647
698.569 221.487
698.772 225.479
698.975 138.515
699.178 154.467
699.381 124.432
699.584 147.341
699.787 169.085
699.989 150.179
700.192 146.053
700.395 140.089
700.598 141.083
700.801 196.554
701.004 176.693
701.207 128.898
701.410 171.557
701.613 152.556
701.816 136.699
702.019 151.415
702.221 130.623
702.424 109.722
702.627 122.580
702.830 138.270
703.033 162.973
703.236 114.441
703.439 111.479
703.642 73.967
703.845 115.314
704.048 140.955
704.251 134.905
704.453 137.860
704.656 128.866
704.859 122.961
705.062 123.823
705.265 94.324
705.468 90.302
705.671 125.666
705.874 99.046
706.077 93.157
706.280 146.007
706.483 137.184
706.685 126.275
706.888 92.975
707.091 105.604
707.294 130.065
707.497 65.422
707.700 154.376
707.903 138.600
708.106 98.561
708.309 147.245
708.512 122.855
708.715 120.904
708.917 139.304
709.120 64.256
709.323 73.930
709.526 37.903
709.729 138.060
709.932 84.558
710.135 104.986
710.338 87.391
710.541 79.617
710.744 46.575
710.947 138.763
711.149 79.539
711.352 99.927
711.555 83.342
711.758 66.853
711.961 126.018
712.164 132.808
712.367 133.778
712.570 128.803
712.773 132.679
712.976 121.051
713.179 112.330
713.381 107.485
713.584 68.725
713.787 158.687
713.990 129.646
714.193 85.115
714.396 85.115
714.599 69.626
714.802 134.486
715.005 45.425
715.208 67.690
715.411 89.955
715.613 96.731
715.816 98.667
716.019 133.517
716.222 117.060
716.425 90.923
716.628 93.918
716.831 98.762
717.034 71.631
717.237 105.648
717.440 62.001
717.643 77.595
717.845 100.896
718.048 44.628
718.251 109.740
718.454 125.411
718.657 113.737
718.860 112.874
719.063 151.971
719.266 105.187
719.469 95.533
719.672 67.306
719.875 37.069
720.077 71.352
720.280 95.813
720.483 72.401
720.686 86.197
720.889 64.692
721.092 75.561
721.295 83.501
721.498 139.686
721.701 120.001
721.904 112.237
722.107 116.292
722.309 105.444
722.512 112.458
722.715 59.210
722.918 53.281
723.121 111.691
723.324 77.072
723.527 41.505
723.730 84.079
723.933 124.673
724.136 80.198
724.339 89.117
724.541 111.912
724.744 53.491
724.947 48.531
725.150 65.396
725.353 77.300
725.556 46.593
725.759 86.315
725.962 129.015
726.165 85.321
726.368 81.430
726.571 77.454
726.773 87.394
726.976 51.608
727.179 86.400
727.382 89.471
727.585 112.356
727.788 125.291
727.991 147.182
728.194 64.595
728.397 86.485
728.600 90.465
728.803 138.226
729.005 97.430
729.208 127.281
729.411 133.251
729.614 60.614
729.817 117.330
730.020 124.295
730.223 108.375
730.426 53.648
730.629 72.554
730.832 95.439
731.035 57.685
731.237 51.709
731.440 60.673
731.643 105.494
731.846 84.662
732.049 105.599
732.252 54.751
732.455 55.748
732.658 94.631
732.861 112.577
733.064 51.760
733.267 68.777
733.469 151.612
733.672 86.741
733.875 50.813
734.078 106.701
734.281 69.775
734.484 71.771
734.687 77.836
734.890 103.810
735.093 117.796
735.296 75.838
735.499 102.811
735.701 99.814
735.904 86.914
736.107 104.913
736.310 87.913
736.513 45.959
736.716 82.996
736.919 48.962
737.122 90.093
737.325 81.075
737.528 110.243
737.731 91.186
737.933 64.105
738.136 70.193
738.339 83.245
738.542 69.189
738.745 54.183
738.948 71.268
739.151 46.143
739.354 43.127
739.557 10.966
739.760 61.279
739.963 48.201
740.165 44.176
740.368 30.092
740.571 116.728
740.774 78.460
740.977 54.291
741.180 51.270
741.383 79.467
741.586 73.499
741.789 116.845
741.992 70.474
742.195 68.458
742.397 59.385
742.600 -30.363
742.803 47.336
743.006 50.363
743.209 93.848
743.412 71.626
743.615 69.605
743.818 71.626
744.021 58.494
744.224 63.544
744.427 39.302
744.629 76.753
744.832 44.397
745.035 18.108
745.238 72.708
745.441 84.842
745.644 54.508
745.847 66.641
746.050 49.452
746.253 93.941
746.456 41.405
746.659 57.599
746.861 21.161
747.064 42.416
747.267 60.635
747.470 17.113
747.673 50.513
747.876 74.729
748.079 85.851
748.282 46.417
748.485 45.406
748.688 62.595
748.891 46.417
749.093 64.617
749.296 63.606
749.499 -0.095
749.702 15.072
749.905 70.683
750.108 37.316
750.311 26.167
750.514 -7.174
750.717 0.915
750.920 38.327
751.123 60.571
751.325 23.160
751.528 90.813
751.731 93.843
751.934 35.257
752.137 18.085
752.340 44.348
752.543 12.024
752.746 42.285
752.949 91.729
753.152 44.302
753.355 54.393
753.557 2.927
753.760 41.233
753.963 -8.154
754.166 -10.168
754.369 24.072
754.572 18.029
754.775 49.247
754.978 47.186
755.181 85.415
755.384 108.554
755.587 73.342
755.789 79.378
755.992 48.191
756.195 61.269
756.398 -5.129
756.601 56.239
756.804 48.191
757.007 38.130
757.210 47.184
757.413 10.956
757.616 32.061
757.819 41.106
758.021 96.383
758.224 27.036
758.427 7.932
758.630 -21.184
758.833 47.089
759.036 42.068
759.239 82.229
759.442 39.056
759.645 63.089
759.848 70.110
760.051 17.953
760.253 51.052
760.456 -18.137
760.659 47.995
760.862 18.937
761.065 49.949
761.268 70.970
761.471 14.913
761.674 58.957
761.877 35.898
762.080 2.898
762.283 -2.102
762.485 28.898
762.688 -1.102
762.891 71.826
763.094 88.809
763.297 59.837
763.500 20.876
763.706 22.874
763.912 44.852
764.118 11.885
764.325 45.851
764.531 35.825
764.737 21.853
764.943 38.818
765.149 -10.084
765.355 14.866
765.561 13.868
765.768 36.822
765.974 42.767
766.180 4.881
766.386 22.827
766.592 49.746
766.798 76.665
767.004 53.734
767.210 -22.039
767.417 31.799
767.623 51.739
767.829 16.844
768.035 25.817
768.241 26.813
768.447 2.885
768.653 36.747
768.860 16.826
769.066 80.571
769.272 28.778
769.478 29.774
769.684 40.730
769.890 68.550
770.096 13.823
770.303 57.604
770.509 62.579
770.715 86.460
770.921 56.609
771.127 124.270
771.333 90.439
771.539 57.603
771.745 26.758
771.952 17.802
772.158 84.469
772.364 1.882
772.570 60.588
772.776 11.820
772.982 53.569
773.188 28.718
773.395 20.766
773.601 16.789
773.807 18.777
774.013 54.562
774.219 15.795
774.425 59.532
774.631 54.562
774.838 59.532
775.044 41.639
775.250 40.645
775.456 20.764
775.662 51.579
775.868 25.734
776.074 41.638
776.281 3.865
776.487 -2.100
776.693 61.519
776.899 109.232
777.105 60.524
777.311 -21.981
777.517 44.619
777.723 51.577
777.930 25.732
778.136 35.673
778.342 56.547
778.548 -1.107
778.754 98.296
778.960 54.559
779.166 50.532
779.373 41.594
779.579 61.516
779.785 32.689
779.991 22.749
780.197 42.629
780.403 19.766
780.609 59.528
780.816 57.539
781.022 21.754
781.228 46.605
781.434 78.414
781.640 47.598
781.846 18.790
782.052 -46.882
782.259 -23.002
782.465 34.710
782.671 37.695
782.877 29.734
783.083 59.644
783.289 50.680
783.495 33.747
783.701 72.592
783.908 31.755
784.114 21.795
784.320 34.743
784.526 -0.118
784.732 -34.979
784.938 2.873
785.144 93.600
785.351 60.699
785.557 70.669
785.763 -4.107
785.969 14.836
786.175 61.695
786.381 20.838
786.587 138.603
786.794 51.776
787.000 86.620
787.206 28.793
787.412 -46.980
787.618 12.853
787.824 23.831
788.030 48.781
788.236 31.815
788.443 43.791
788.649 34.808
788.855 60.756
789.061 42.792
789.267 36.804
789.473 31.846
789.679 32.844
789.886 15.861
790.092 24.877
790.298 -2.123
790.504 35.877
790.710 74.876
790.916 36.876
791.122 8.885
791.329 38.915
791.535 73.950
791.741 46.922
791.947 13.903
792.153 -8.141
792.359 47.971
792.565 63.001
792.771 42.960
792.978 75.100
793.184 30.967
793.390 7.898
793.596 11.910
793.802 -20.187
794.008 -31.220
794.214 21.961
794.421 56.097
794.627 -9.164
794.833 86.218
795.039 21.960
795.245 43.088
795.451 47.108
795.657 -3.144
795.864 49.117
796.070 -15.204
796.276 -34.335
796.482 34.076
796.688 58.220
796.894 8.924
797.100 46.194
797.307 44.180
797.513 21.017
797.719 31.088
797.925 49.214
798.131 -1.139
798.337 25.070
798.543 59.344
798.749 53.295
798.956 3.900
799.162 24.085
799.368 1.885
799.574 42.249
799.780 22.067
799.986 14.008
800.192 3.907
800.399 -5.184
800.605 59.462
800.811 14.007
801.017 46.377
801.223 32.221
801.429 19.076
801.635 40.310
801.842 -23.391
802.048 -6.202
802.254 24.131
802.460 -14.306
802.666 31.240
802.872 68.689
803.078 95.005
803.285 37.312
803.491 27.191
803.697 -12.283
803.903 5.935
804.109 14.032
804.315 12.008
804.521 54.518
804.727 20.104
804.934 28.201
805.140 73.823
805.346 60.651
805.552 -22.429
805.758 13.032
805.964 51.532
806.170 8.988
806.377 -48.822
806.583 38.399
806.789 61.725
806.995 -24.482
807.201 -5.218
807.407 61.787
807.613 -23.492
807.820 -3.188
808.026 -11.310
808.232 0.874
808.438 46.605
808.644 -5.224
808.850 5.954
809.056 49.653
809.262 25.263
809.469 -32.697
809.675 26.305
809.881 10.028
810.087 39.570
810.293 1.892
810.499 49.753
810.705 80.302
810.912 23.276
811.118 58.917
811.324 6.982
811.530 -6.256
811.739 -4.224
811.947 46.744
812.156 10.046
812.365 40.627
812.573 43.685
812.782 46.743
812.990 22.278
813.199 48.781
813.408 54.897
813.616 37.568
813.825 2.909
814.034 55.973
814.242 10.054
814.451 22.299
814.659 17.197
814.868 59.033
815.077 23.319
815.285 94.747
815.494 80.461
815.703 -51.172
815.911 22.297
816.120 98.828
816.329 38.623
816.537 78.419
816.746 67.194
816.954 66.174
817.163 -17.500
817.372 18.233
817.580 -4.240
817.789 -8.326
817.998 5.975
818.206 -23.648
818.415 17.210
818.624 85.647
818.832 10.059
819.041 33.552
819.249 11.080
819.458 -10.370
819.667 41.723
819.875 -1.177
820.084 28.415
820.293 14.129
820.501 -13.422
820.710 56.986
820.919 21.271
821.127 74.332
821.336 39.638
821.544 46.781
821.753 13.120
821.962 -20.588
822.170 53.978
822.379 45.806
822.588 48.870
822.796 11.076
823.005 -2.203
823.213 37.633
823.422 45.805
823.631 27.418
823.839 58.061
824.048 26.396
824.257 23.308
824.465 -8.325
824.674 21.266
824.883 -0.162
825.091 85.639
825.300 95.853
825.508 39.673
825.717 -46.129
825.926 -13.443
826.134 35.587
826.343 -26.722
826.552 -8.336
826.760 42.736
826.969 0.856
827.178 29.457
827.386 48.864
827.595 64.185
827.803 -20.595
828.012 -28.767
828.221 58.056
828.429 33.541
828.638 48.862
828.847 63.162
829.055 26.390
829.264 47.840
829.472 50.904
829.681 50.852
829.890 10.046
830.098 5.959
830.307 -6.292
830.516 1.871
830.724 36.565
830.933 42.687
831.142 76.360
831.350 52.890
831.559 62.011
831.767 56.913
831.976 43.661
832.185 -31.772
832.393 2.886
832.602 46.719
832.811 14.099
833.019 -7.308
833.228 54.873
833.437 58.950
833.645 33.465
833.854 50.794
834.062 17.155
834.271 46.669
834.480 19.174
834.688 38.522
834.897 64.998
835.106 42.594
835.314 47.637
835.523 58.827
835.731 27.291
835.940 0.841
836.149 -29.678
836.357 -10.350
836.566 2.874
836.775 48.652
836.983 59.842
837.192 82.139
837.401 49.618
837.609 39.455
837.818 -43.878
838.026 14.048
838.235 31.324
838.444 7.950
838.652 -9.327
838.861 20.145
839.070 34.372
839.278 19.128
839.487 67.908
839.696 34.371
839.904 14.046
840.113 48.598
840.321 94.330
840.530 70.955
840.739 46.517
840.947 64.791
841.156 33.319
841.365 -14.412
841.573 4.897
841.782 -9.322
841.991 2.861
842.199 9.967
842.408 13.012
842.616 8.951
842.825 43.469
843.034 46.467
843.242 68.779
843.451 64.722
843.660 -20.471
843.868 31.253
844.077 58.636
844.285 -5.259
844.494 1.840
844.703 -0.189
844.911 34.294
845.120 83.904
845.329 -8.295
845.537 25.165
845.746 36.321
845.955 54.576
846.163 30.235
846.372 17.050
846.580 28.206
846.789 2.850
846.998 60.659
847.206 30.233
847.415 37.332
847.624 0.821
847.832 -16.421
848.041 23.132
848.250 27.189
848.458 33.274
848.667 24.146
848.875 47.472
849.084 53.502
849.293 28.173
849.501 -3.236
849.710 26.146
849.919 -24.513
850.127 -39.711
850.336 -1.211
850.544 -17.422
850.753 19.052
850.962 -20.462
851.170 50.459
851.379 70.722
851.588 67.683
851.796 23.103
852.005 19.050
852.214 20.063
852.422 22.111
852.631 66.735
852.839 57.607
853.048 21.096
853.257 54.564
853.465 30.223
853.674 66.734
853.883 64.705
854.091 69.775
854.300 -6.290
854.509 12.980
854.717 17.036
854.926 57.604
855.134 45.387
855.343 33.228
855.552 44.373
855.760 68.689
855.969 30.188
856.178 89.964
856.386 79.832
856.595 33.226
856.803 68.756
857.012 77.884
857.221 28.188
857.429 -21.508
857.638 13.988
857.847 71.870
858.055 47.504
858.264 1.819
858.473 -9.349
858.681 23.161
858.890 71.941
859.098 54.664
859.307 9.949
859.516 30.304
859.724 39.459
859.933 8.940
860.142 27.279
860.350 25.242
860.559 26.260
860.768 17.094
860.976 12.002
861.185 21.167
861.393 20.169
861.602 10.994
861.811 -5.316
862.019 12.013
862.228 49.729
862.437 -6.337
862.645 16.089
862.854 40.595
863.062 93.656
863.271 -5.324
863.480 65.150
863.688 77.407
863.897 50.849
864.106 29.428
864.314 51.922
864.523 15.112
864.732 16.151
864.940 101.104
865.149 84.727
865.357 32.526
865.566 46.903
865.775 75.591
865.983 12.079
866.192 -40.229
866.401 21.331
866.609 28.517
866.818 40.879
867.027 40.878
867.235 53.266
867.444 76.928
867.652 -32.159
867.861 13.168
868.070 14.213
868.278 56.525
868.487 9.062
868.696 45.218
868.904 75.254
869.113 55.663
869.321 27.712
869.530 74.373
869.739 30.881
869.947 31.918
870.156 92.179
870.365 16.391
870.573 39.259
870.782 48.665
870.991 20.590
871.199 67.535
871.408 64.474
871.616 57.226
871.825 -15.936
872.034 19.628
872.242 14.413
872.451 43.777
872.660 39.626
872.868 1.852
873.077 38.656
873.286 15.539
873.494 33.468
873.703 28.229
873.911 30.370
874.120 36.744
874.329 29.375
874.537 30.465
874.746 35.799
874.955 41.145
875.163 2.934
875.372 71.094
875.581 39.186
875.789 20.018
875.998 30.722
876.206 59.632
876.415 46.847
876.624 45.825
876.832 10.466
877.041 75.997
877.250 53.498
877.458 65.396
877.667 -7.810
877.875 31.016
878.084 75.325
878.293 40.768
878.501 38.649
878.710 -12.175
878.919 17.063
879.127 106.987
879.336 58.295
879.545 12.756
879.753 -0.274
879.962 6.247
880.170 8.420
880.379 32.333
880.588 -26.392
880.796 -24.217
881.005 5.163
881.214 20.396
881.422 84.688
881.631 59.633
881.840 14.970
882.048 50.917
882.257 43.291
882.465 30.252
882.674 45.519
882.883 45.518
883.091 47.751
883.300 81.593
883.509 52.116
883.717 15.014
883.926 43.429
884.134 15.013
884.343 -18.888
884.552 -7.947
884.760 -10.147
884.969 31.473
885.178 67.691
885.386 34.796
885.595 19.466
885.804 9.586
886.012 20.562
886.221 -27.767
886.429 41.463
886.638 23.906
886.847 11.818
887.055 12.933
887.264 25.060
887.473 53.784
887.681 9.644
887.890 43.947
888.099 41.780
888.307 -6.955
888.516 18.564
888.724 10.806
888.933 -6.980
889.142 55.372
889.350 50.974
889.559 0.807
889.768 15.316
889.976 -0.310
890.185 58.907
890.393 -7.008
890.602 5.269
890.811 19.755
891.019 33.095
891.228 104.132
891.437 66.280
891.645 63.918
891.854 42.782
892.063 50.404
892.271 30.457
892.480 -40.882
892.688 -7.970
892.897 21.499
893.106 -19.898
893.314 42.034
893.523 35.403
893.732 -45.667
893.940 38.482
894.149 17.950
894.358 -6.734
894.566 36.015
894.775 30.607
894.983 7.137
895.192 44.276
895.401 4.982
895.609 47.209
895.818 12.322
896.027 29.103
896.235 -0.309
896.444 1.783
896.652 5.948
896.861 -23.201
897.070 -9.654
897.278 32.852
897.487 56.510
897.696 80.104
897.904 -3.395
898.113 20.205
898.322 39.610
898.530 22.164
898.739 54.738
898.947 42.418
899.156 8.829
899.365 67.575
899.573 59.408
899.782 17.874
899.991 16.829
900.199 56.030
900.408 24.817
900.617 66.893
900.825 59.752
901.034 19.671
901.242 64.561
901.451 27.580
901.660 -15.219
901.868 34.448
902.077 54.200
902.286 48.205
902.494 55.081
902.703 30.322
902.911 60.834
903.120 69.640
903.329 99.001
903.537 30.141
903.746 55.626
903.955 39.845
904.163 45.677
904.372 47.586
904.581 64.141
904.789 30.877
904.998 -29.524
905.206 16.208
905.415 60.852
905.624 61.762
905.832 58.795
906.041 66.482
906.250 2.587
906.458 65.386
906.667 -1.280
906.876 35.364
907.084 44.000
907.293 29.520
907.501 40.107
907.710 4.491
907.919 3.525
908.127 -9.915
908.336 16.940
908.545 3.513
908.753 32.217
908.962 17.845
909.170 21.648
909.379 93.281
909.588 16.855
909.796 45.437
910.005 39.717
910.214 79.678
910.422 73.963
910.631 25.367
910.840 45.347
911.048 25.341
911.257 33.896
911.465 85.226
911.674 -10.782
911.883 35.761
912.091 28.136
912.300 76.523
912.508 14.838
912.716 0.619
912.924 39.444
913.132 7.246
913.340 24.268
913.549 46.973
913.757 48.864
913.965 37.511
914.173 46.971
914.381 53.542
914.589 62.993
914.797 29.939
915.005 6.287
915.213 19.550
915.421 35.647
915.629 20.495
915.838 68.855
916.046 47.054
916.254 13.877
916.462 0.606
916.670 14.810
916.878 -22.144
917.086 16.718
917.294 42.350
917.502 14.835
917.710 6.295
917.919 55.631
918.127 87.971
918.335 47.135
918.543 5.349
918.751 -7.004
918.959 -6.054
919.167 0.599
919.375 -0.353
919.583 104.309
919.791 35.802
919.999 51.073
920.208 47.263
920.416 28.241
920.624 6.321
920.832 19.679
921.040 -36.654
921.248 33.099
921.456 36.001
921.664 64.770
921.872 32.233
922.080 92.635
922.288 39.940
922.497 54.439
922.705 23.669
922.913 18.879
923.121 -11.932
923.329 21.807
923.537 46.878
923.745 71.054
923.953 80.784
924.161 18.966
924.369 48.993
924.578 39.350
924.786 22.898
924.994 22.942
925.202 22.941
925.410 34.669
925.618 59.011
925.826 43.473
926.034 15.237
926.242 8.417
926.450 72.087
926.658 13.334
926.867 60.451
927.075 11.405
927.283 38.974
927.491 55.815
927.699 50.934
927.907 27.295
928.115 15.440
928.323 12.493
928.531 -8.357
928.739 31.434
928.947 45.591
929.156 -0.410
929.364 -43.411
929.572 28.588
929.780 50.587
929.988 38.586
930.196 28.585
930.404 4.584
930.612 3.583
930.820 34.583
931.028 -3.418
931.236 -22.419
931.445 18.580
931.653 43.579
931.861 28.578
932.069 -7.423
932.277 -32.424
932.485 -13.425
932.693 10.574
932.901 45.573
933.109 -2.428
933.317 12.572
933.526 73.571
933.734 76.570
933.942 49.569
934.150 25.568
934.358 66.567
934.566 8.566
934.774 -23.435
934.982 -3.436
935.190 -26.437
935.398 52.562
935.606 51.561
935.815 -11.440
936.023 49.559
936.231 35.558
936.439 7.557
936.647 37.556
936.855 74.555
937.063 52.554
937.271 16.553
937.479 44.552
937.687 43.551
937.895 22.550
938.104 28.549
938.312 25.549
938.520 -5.452
938.728 0.547
938.936 41.546
939.144 19.545
939.352 11.544
939.560 -27.457
939.768 3.542
939.976 33.541
940.185 29.540
940.393 21.538
940.601 -15.463
940.809 59.536
941.017 16.535
941.225 33.534
941.433 25.533
941.641 48.532
941.849 13.531
942.057 27.530
942.265 -9.471
942.474 23.528
942.682 16.527
942.890 -6.474
943.098 -17.475
943.306 -35.476
943.514 10.523
943.722 58.522
943.930 42.521
944.138 18.520
944.346 -16.481
944.554 50.518
944.763 74.517
944.971 40.516
945.179 61.515
945.387 65.514
945.595 29.512
945.803 38.511
946.011 52.510
946.219 34.509
946.427 26.508
946.635 -31.493
946.843 -4.494
947.052 63.505
947.260 34.504
947.468 22.503
947.676 35.502
947.884 68.500
948.092 48.499
948.300 -5.502
948.508 6.497
948.716 -11.504
948.924 -3.505
949.133 -1.506
949.341 42.493
949.549 21.492
949.757 62.491
949.965 39.489
950.173 -7.512
950.381 0.487
950.589 -25.514
950.797 -12.515
951.005 54.484
951.213 44.483
951.422 16.481
951.630 89.480
951.838 19.479
952.046 25.478
952.254 29.477
952.462 54.476
952.670 32.475
952.878 -12.527
953.086 -16.528
953.294 -0.529
953.502 -42.530
953.711 12.469
953.919 34.468
954.127 5.466
954.335 -23.535
954.543 35.464
954.751 7.463
954.959 -9.538
955.167 -17.539
955.375 -6.541
955.583 19.458
955.792 33.457
956.000 33.456
956.208 21.455
956.416 56.453
956.624 6.452
956.832 21.451
957.040 4.450
957.248 10.449
957.456 -28.553
957.664 16.446
957.872 19.445
958.081 58.444
958.289 19.443
958.497 53.441
958.705 28.440
958.913 -22.561
959.121 54.438
959.329 72.436
959.537 47.435
959.745 64.434
959.953 24.433
960.161 30.431
960.370 31.430
960.578 -3.571
960.786 -3.572
960.994 -12.573
961.202 13.425
961.410 -6.576
961.618 8.423
961.826 13.422
962.034 49.420
962.242 53.419
962.451 3.418
962.659 -11.584
962.867 36.415
963.075 9.414
963.283 -14.587
963.491 21.411
963.699 55.410
963.907 32.409
964.115 6.408
964.323 8.406
964.531 3.405
964.740 15.404
964.948 -35.598
965.156 9.401
965.364 -8.600
965.572 -13.601
965.780 20.397
965.999 35.396
966.218 43.395
966.438 17.393
966.657 43.392
966.876 6.391
967.095 -32.611
967.315 18.388
967.534 -34.613
967.753 21.385
967.972 26.384
968.192 63.383
968.411 30.382
968.630 54.380
968.849 6.379
969.068 -25.622
969.288 55.376
969.507 62.375
969.726 15.374
969.945 53.372
970.165 -6.629
970.384 3.370
970.603 -7.632
970.822 20.367
971.042 2.366
971.261 -18.636
971.480 1.363
971.699 11.361
971.919 -33.640
972.138 55.359
972.357 32.357
972.576 32.356
972.795 30.355
973.015 0.353
973.234 -5.648
973.453 26.351
973.672 7.349
973.892 9.348
974.111 9.347
974.330 44.345
974.549 -15.656
974.769 -33.658
974.988 30.341
975.207 52.340
975.426 -13.662
975.646 -13.663
975.865 70.336
976.084 55.334
976.303 -12.667
976.522 65.331
976.742 33.330
976.961 52.329
977.180 29.327
977.399 88.326
977.619 61.324
977.838 37.323
978.057 43.322
978.276 25.320
978.496 68.319
978.715 53.317
978.934 67.316
979.153 4.315
979.372 73.313
979.592 51.312
979.811 -1.690
980.030 -29.691
980.249 9.308
980.469 9.306
980.688 17.305
980.907 -8.697
981.126 -1.698
981.346 -17.699
981.565 8.299
981.784 64.298
982.003 13.296
982.223 4.295
982.442 8.294
982.661 75.292
982.880 61.291
983.099 33.289
983.319 42.288
983.538 61.286
983.757 13.285
983.976 15.284
984.196 57.282
984.415 -5.719
984.634 44.279
984.853 33.278
985.073 19.277
985.292 16.275
985.511 8.274
985.730 -5.728
985.949 21.271
986.169 4.269
986.388 23.268
986.607 8.267
986.826 5.265
987.046 -51.736
987.265 7.262
987.484 66.261
987.703 -15.741
987.923 43.258
988.142 35.257
988.361 9.255
988.580 8.254
988.800 10.252
989.019 19.251
989.238 36.249
989.457 26.248
989.676 -9.753
989.896 -8.755
990.115 -24.756
990.334 23.242
990.553 32.241
990.773 14.239
990.992 36.238
991.211 25.237
991.430 28.235
991.650 24.234
991.869 20.232
992.088 21.231
992.307 -2.771
992.527 -47.772
992.746 13.227
992.965 16.225
993.184 -9.776
993.403 -10.778
993.623 42.221
993.842 5.219
994.061 22.218
994.280 13.217
994.500 30.215
994.719 -6.786
994.938 3.212
995.157 -71.789
995.377 27.209
995.596 24.208
995.815 -58.793
996.034 62.205
996.253 10.204
996.473 -14.798
996.692 -2.799
996.911 50.200
997.130 -35.802
997.350 -24.803
997.569 23.195
997.788 -5.806
998.007 46.193
998.227 25.191
998.446 69.190
998.665 30.188
998.884 2.187
999.104 23.186
999.323 -37.816
999.542 40.183
999.761 -10.819
999.980 13.180
1000.200 -7.821
1000.419 27.177
1000.638 66.176
1000.857 56.175
1001.077 45.173
1001.296 -7.828
1001.515 -15.830
1001.734 23.169
1001.954 12.168
1002.173 8.166
1002.392 13.165
1002.611 41.164
1002.830 9.162
1003.050 6.161
1003.269 -13.841
1003.488 -50.842
1003.707 -14.843
1003.927 3.155
1004.146 37.154
1004.365 -9.847
1004.584 35.151
1004.804 40.150
1005.023 37.149
1005.242 0.147
1005.461 -60.854
1005.681 -51.855
1005.900 67.143
1006.119 111.142
1006.338 18.141
1006.557 11.139
1006.777 17.138
1006.996 -29.863
1007.215 -0.864
1007.434 15.134
1007.654 -34.867
1007.873 -7.868
1008.092 -25.870
1008.311 65.129
1008.531 38.128
1008.750 17.127
1008.969 18.125
1009.188 -37.876
1009.407 -4.877
1009.627 28.121
1009.846 23.120
1010.065 32.119
1010.284 4.118
1010.504 -11.884
1010.723 19.115
1010.942 -0.886
1011.161 19.113
1011.381 -19.889
1011.600 8.110
1011.819 50.109
1012.038 -40.892
1012.258 30.107
1012.477 84.105
1012.696 43.104
1012.915 -21.897
1013.134 6.102
1013.354 -6.899
1013.573 46.099
1013.792 18.098
1014.011 26.097
1014.231 77.096
1014.450 51.095
1014.669 30.094
1014.888 1.092
1015.108 52.091
1015.327 29.090
1015.546 -17.911
1015.765 30.088
1015.984 42.087
1016.204 7.086
1016.423 -26.916
1016.642 76.083
1016.861 84.082
1017.081 -12.919
1017.300 14.080
1017.519 -17.921
