296.156 -18.171
296.345 -27.171
296.534 6.829
296.723 50.829
296.912 20.829
297.101 27.829
297.290 51.829
297.479 25.829
297.668 74.829
297.858 68.829
298.047 65.828
298.236 49.828
298.425 34.828
298.614 36.828
298.803 79.828
298.992 33.828
299.181 23.828
299.370 15.828
299.559 18.828
299.748 42.828
299.937 -2.172
300.126 -36.173
300.315 15.827
300.504 13.827
300.693 88.827
300.882 12.827
301.071 57.827
301.260 71.827
301.449 35.827
301.638 18.827
301.827 3.827
302.016 45.827
302.205 34.826
302.395 83.826
302.584 -2.174
302.773 -8.174
302.962 -5.174
303.151 35.826
303.340 52.826
303.529 43.826
303.718 36.826
303.907 -3.174
304.096 38.826
304.285 31.825
304.474 28.825
304.663 59.825
304.852 40.825
305.041 -1.175
305.230 41.825
305.419 13.825
305.608 44.825
305.797 47.825
305.986 -8.175
306.175 3.824
306.364 14.824
306.553 15.824
306.743 15.824
306.932 2.824
307.121 16.824
307.310 -14.176
307.499 28.824
307.688 -16.176
307.877 28.824
308.066 46.824
308.255 27.823
308.444 29.823
308.633 68.823
308.822 -8.177
309.011 59.823
309.200 88.823
309.389 71.823
309.578 33.823
309.767 14.823
309.956 47.823
310.145 58.823
310.334 25.822
310.523 28.822
310.712 55.822
310.901 -2.178
311.091 1.822
311.280 17.822
311.469 -1.178
311.658 49.822
311.847 17.822
312.036 34.822
312.225 10.821
312.414 -7.179
312.603 28.821
312.792 -39.179
312.981 17.821
313.170 50.821
313.349 81.821
313.527 42.821
313.706 59.821
313.884 42.821
314.063 10.821
314.241 7.820
314.420 -6.180
314.598 16.820
314.777 15.820
314.955 14.820
315.134 49.820
315.312 95.820
315.491 35.820
315.669 -33.180
315.848 55.820
316.027 25.819
316.205 -0.181
316.384 23.819
316.562 53.819
316.741 56.819
316.919 10.819
317.098 26.819
317.276 -7.181
317.455 -15.181
317.633 36.819
317.812 24.819
317.990 -2.182
318.169 36.818
318.347 29.818
318.526 19.818
318.705 2.818
318.883 5.818
319.062 43.818
319.240 49.818
319.419 30.818
319.597 35.818
319.776 76.817
319.954 65.817
320.133 22.817
320.311 22.817
320.490 9.817
320.668 75.817
320.847 27.817
321.025 3.817
321.204 8.817
321.382 46.817
321.561 27.816
321.740 54.816
321.918 31.816
322.097 55.816
322.275 30.816
322.454 15.816
322.632 9.816
322.811 64.816
322.989 29.816
323.168 -21.184
323.346 20.815
323.525 20.815
323.703 43.815
323.882 53.815
324.060 76.815
324.239 41.815
324.418 -12.185
324.596 35.815
324.775 85.815
324.953 73.815
325.132 48.814
325.310 42.814
325.489 58.814
325.667 47.814
325.846 44.814
326.024 27.814
326.203 76.814
326.381 -1.186
326.560 -5.186
326.738 17.814
326.917 51.813
327.096 36.813
327.274 61.813
327.453 30.813
327.631 -16.187
327.810 -2.187
327.988 15.813
328.167 -29.187
328.345 48.813
328.524 82.813
328.702 46.812
328.881 57.812
329.059 27.812
329.238 22.812
329.416 37.812
329.595 -3.188
329.774 -49.188
329.952 1.812
330.131 35.812
330.309 46.811
330.488 36.811
330.666 51.811
330.845 5.811
331.023 1.811
331.202 14.811
331.380 15.811
331.559 20.811
331.737 35.811
331.916 102.811
332.094 58.810
332.273 28.810
332.452 21.810
332.630 -0.190
332.809 14.810
332.987 4.810
333.166 66.810
333.344 8.810
333.523 31.810
333.701 36.810
333.880 49.809
334.058 -4.191
334.237 45.809
334.415 52.809
334.594 37.809
334.772 29.809
334.951 13.809
335.129 7.809
335.308 30.809
335.487 66.808
335.665 65.808
335.844 14.808
336.022 37.808
336.201 4.808
336.379 -5.192
336.558 38.808
336.736 -0.192
336.915 14.808
337.093 55.808
337.272 53.807
337.450 74.807
337.629 59.807
337.807 36.807
337.986 24.807
338.165 0.807
338.343 20.807
338.522 54.807
338.700 19.807
338.879 30.806
339.057 25.806
339.236 45.806
339.414 28.806
339.593 24.806
339.771 -34.194
339.950 21.806
340.128 -3.194
340.307 68.806
340.485 41.805
340.664 23.805
340.843 -28.195
341.021 13.805
341.200 41.805
341.378 36.805
341.557 51.805
341.735 50.805
341.914 21.805
342.092 27.804
342.271 25.804
342.449 41.804
342.628 73.804
342.806 28.804
342.985 13.804
343.163 5.804
343.342 13.804
343.521 18.804
343.699 70.804
343.878 35.803
344.056 43.803
344.235 31.803
344.413 13.803
344.592 4.803
344.770 -17.197
344.949 28.803
345.127 49.803
345.306 32.803
345.484 53.802
345.663 38.802
345.841 44.802
346.020 37.802
346.199 33.802
346.377 46.802
346.556 -5.198
346.734 67.802
346.913 26.802
347.091 45.801
347.270 10.801
347.448 25.801
347.627 -11.199
347.805 28.801
347.984 70.801
348.162 -6.199
348.341 20.801
348.519 5.801
348.698 31.800
348.876 50.800
349.055 -5.200
349.234 40.800
349.412 55.800
349.591 49.800
349.769 42.800
349.948 9.800
350.126 46.800
350.305 45.799
350.483 26.799
350.662 38.799
350.840 54.799
351.019 57.799
351.197 68.799
351.376 33.799
351.554 14.799
351.733 9.798
351.912 17.798
352.090 -14.202
352.269 27.798
352.447 32.798
352.626 26.798
352.804 57.798
352.983 50.798
353.161 49.798
353.340 -10.203
353.518 -2.203
353.697 24.797
353.875 43.797
354.054 45.797
354.232 27.797
354.411 66.797
354.590 60.797
354.768 -39.203
354.947 13.796
355.125 38.796
355.304 15.796
355.482 43.796
355.661 10.796
355.839 16.796
356.018 13.796
356.196 0.796
356.375 8.795
356.553 36.795
356.732 30.795
356.910 4.795
357.089 -6.205
357.268 32.795
357.446 -5.205
357.625 60.795
357.803 44.795
357.982 40.794
358.160 24.794
358.339 6.794
358.517 38.794
358.696 69.794
358.874 14.794
359.053 15.794
359.231 48.794
359.410 66.793
359.588 -5.207
359.767 11.793
359.945 38.793
360.124 23.793
360.303 -2.207
360.481 -19.207
360.660 -17.207
360.838 71.793
361.017 91.792
361.195 32.792
361.374 42.792
361.552 31.792
361.731 65.792
361.909 12.792
362.088 0.792
362.266 42.792
362.445 18.791
362.623 -37.209
362.802 -3.209
362.981 25.791
363.159 28.791
363.338 26.791
363.516 13.791
363.695 -23.209
363.873 14.791
364.052 60.790
364.230 25.790
364.409 31.790
364.587 54.790
364.766 14.790
364.944 31.790
365.123 -3.210
365.301 39.790
365.480 22.789
365.660 74.789
365.839 91.789
366.019 52.789
366.199 25.789
366.379 19.789
366.558 16.789
366.738 36.789
366.918 5.788
367.098 24.788
367.277 50.788
367.457 51.788
367.637 55.788
367.816 106.788
367.996 69.788
368.176 25.788
368.356 42.787
368.535 20.787
368.715 2.787
368.895 63.787
369.075 33.787
369.254 16.787
369.434 -30.213
369.614 13.787
369.793 45.786
369.973 50.786
370.153 32.786
370.333 34.786
370.512 10.786
370.692 2.786
370.872 56.786
371.051 -12.214
371.231 56.785
371.411 63.785
371.591 20.785
371.770 7.785
371.950 -5.215
372.130 36.785
372.310 1.785
372.489 36.785
372.669 76.784
372.849 37.784
373.028 75.784
373.208 34.784
373.388 29.784
373.568 54.784
373.747 36.784
373.927 -8.216
374.107 10.783
374.287 0.783
374.466 21.783
374.646 80.783
374.826 58.783
375.005 30.783
375.185 -6.217
375.365 29.783
375.545 -9.218
375.724 -3.218
375.904 38.782
376.084 -0.218
376.263 21.782
376.443 33.782
376.623 46.782
376.803 33.782
376.982 -3.219
377.162 38.781
377.342 30.781
377.522 16.781
377.701 27.781
377.881 59.781
378.061 30.781
378.240 23.781
378.420 11.780
378.600 24.780
378.780 44.780
378.959 22.780
379.139 43.780
379.319 36.780
379.499 26.780
379.678 27.779
379.858 66.779
380.038 69.779
380.217 40.779
380.397 50.779
380.577 -9.221
380.757 26.779
380.936 38.779
381.116 78.778
381.296 27.778
381.476 27.778
381.655 3.778
381.835 11.778
382.015 68.778
382.194 -6.222
382.374 3.777
382.554 34.777
382.734 68.777
382.913 68.777
383.093 19.777
383.273 47.777
383.452 65.777
383.632 22.777
383.812 12.776
383.992 -23.224
384.171 46.776
384.351 15.776
384.531 41.776
384.711 72.776
384.890 65.776
385.070 38.776
385.250 48.775
385.429 31.775
385.609 4.775
385.789 4.775
385.969 33.775
386.148 39.775
386.328 28.775
386.508 69.774
386.688 60.774
386.867 69.774
387.047 85.774
387.227 22.774
387.406 73.774
387.586 72.774
387.766 103.773
387.946 48.773
388.125 76.773
388.305 50.773
388.485 52.773
388.664 41.773
388.844 62.773
389.024 51.773
389.204 18.772
389.383 -50.228
389.563 82.772
389.743 23.772
389.923 58.772
390.102 19.772
390.282 54.772
390.462 76.771
390.641 19.771
390.821 -41.229
391.001 -14.229
391.181 2.771
391.360 22.771
391.540 26.771
391.720 36.770
391.900 84.770
392.079 71.770
392.259 -19.230
392.439 54.770
392.618 28.770
392.798 32.770
392.978 53.769
393.158 49.769
393.337 39.769
393.517 98.769
393.697 80.769
393.877 20.769
394.056 71.769
394.236 54.769
394.416 86.768
394.595 87.768
394.775 48.768
394.955 64.768
395.135 63.768
395.314 61.768
395.494 84.768
395.674 78.767
395.853 55.767
396.033 56.767
396.213 93.767
396.393 81.767
396.572 43.767
396.752 62.767
396.932 66.766
397.112 78.766
397.291 59.766
397.471 4.766
397.651 48.766
397.830 62.766
398.010 67.766
398.190 63.765
398.370 89.765
398.549 83.765
398.729 76.765
398.909 38.765
399.089 103.765
399.268 142.765
399.448 175.764
399.628 40.764
399.807 60.764
399.987 128.764
400.167 84.764
400.347 92.764
400.526 92.764
400.706 81.763
400.886 67.763
401.065 68.763
401.245 48.763
401.425 147.763
401.605 126.763
401.784 110.763
401.964 117.762
402.144 76.762
402.324 118.762
402.503 109.762
402.683 131.762
402.863 72.762
403.042 106.761
403.222 97.761
403.402 110.761
403.582 137.761
403.761 123.761
403.941 110.761
404.121 179.761
404.301 144.760
404.480 65.760
404.660 102.760
404.844 150.760
405.029 188.760
405.213 175.760
405.398 125.760
405.582 120.759
405.767 148.759
405.951 135.759
406.136 146.759
406.320 144.759
406.505 126.759
406.689 166.759
406.874 210.758
407.058 133.758
407.243 168.758
407.427 163.758
407.612 174.758
407.796 170.758
407.981 81.757
408.165 155.757
408.350 196.757
408.534 213.757
408.719 158.757
408.903 235.757
409.088 230.757
409.272 184.756
409.457 179.756
409.641 218.756
409.826 276.756
410.010 180.756
410.195 180.756
410.379 215.756
410.564 227.755
410.748 203.755
410.933 219.755
411.117 183.755
411.302 218.755
411.486 188.755
411.671 239.754
411.855 243.754
412.040 285.754
412.224 289.754
412.409 242.754
412.593 290.754
412.778 196.754
412.962 191.753
413.147 230.753
413.331 210.753
413.516 232.753
413.700 246.753
413.885 276.753
414.069 332.752
414.254 279.752
414.438 277.752
414.623 314.752
414.807 214.752
414.992 282.752
415.176 266.752
415.361 264.751
415.545 253.751
415.730 283.751
415.914 305.751
416.099 300.751
416.283 324.751
416.468 278.750
416.652 245.750
416.837 231.750
417.021 316.750
417.206 266.750
417.390 270.750
417.575 315.749
417.759 347.749
417.944 270.749
418.128 294.749
418.313 300.749
418.497 295.749
418.682 266.749
418.866 303.748
419.051 264.748
419.235 291.748
419.420 292.748
419.604 278.748
419.789 312.748
419.973 280.747
420.158 328.747
420.342 292.747
420.527 248.747
420.711 299.747
420.896 288.747
421.080 272.746
421.265 252.746
421.449 317.746
421.634 350.746
421.818 284.746
422.003 300.746
422.187 310.746
422.372 317.745
422.556 335.745
422.741 301.745
422.925 242.745
423.110 260.745
423.294 289.745
423.479 270.744
423.663 305.744
423.848 212.744
424.032 308.744
424.217 257.744
424.401 290.744
424.586 234.743
424.770 233.743
424.955 301.743
425.139 270.743
425.324 289.743
425.508 260.743
425.693 257.742
425.877 249.742
426.062 222.742
426.246 274.742
426.431 302.742
426.615 265.742
426.800 281.741
426.984 210.741
427.169 213.741
427.353 255.741
427.538 247.741
427.722 288.741
427.907 277.740
428.091 258.740
428.276 242.740
428.460 229.740
428.645 259.740
428.829 209.740
429.014 178.739
429.198 256.739
429.383 242.739
429.567 238.739
429.752 208.739
429.936 194.739
430.121 133.738
430.305 212.738
430.490 221.738
430.674 210.738
430.859 177.738
431.043 189.738
431.228 197.737
431.412 191.737
431.597 182.737
431.781 174.737
431.966 197.737
432.150 196.737
432.335 190.736
432.519 240.736
432.704 221.736
432.888 215.736
433.073 205.736
433.257 155.736
433.442 152.735
433.626 116.735
433.811 192.735
433.995 186.735
434.180 116.735
434.364 100.735
434.549 133.734
434.733 147.734
434.918 168.734
435.102 156.734
435.287 201.734
435.471 129.733
435.656 124.733
435.840 95.733
436.030 134.733
436.219 144.733
436.409 141.733
436.599 164.732
436.789 129.732
436.978 112.732
437.168 153.732
437.358 139.732
437.548 159.732
437.737 103.731
437.927 138.731
438.117 95.731
438.306 113.731
438.496 106.731
438.686 76.731
438.876 141.730
439.065 110.730
439.255 163.730
439.445 107.730
439.634 54.730
439.824 75.729
440.014 100.729
440.204 52.729
440.393 96.729
440.583 102.729
440.773 74.729
440.963 56.728
441.152 51.728
441.342 88.728
441.532 88.728
441.721 86.728
441.911 110.728
442.101 92.727
442.291 104.727
442.480 53.727
442.670 92.727
442.860 63.727
443.050 35.726
443.239 70.726
443.429 39.726
443.619 93.726
443.808 123.726
443.998 76.726
444.188 78.725
444.378 49.725
444.567 36.725
444.757 40.725
444.947 73.725
445.137 115.724
445.326 78.724
445.516 105.724
445.706 53.724
445.895 29.724
446.085 92.724
446.275 18.723
446.465 54.723
446.654 57.723
446.844 11.723
447.034 46.723
447.223 83.722
447.413 70.722
447.603 92.722
447.793 -12.278
447.982 41.722
448.172 10.722
448.362 52.721
448.552 45.721
448.741 47.721
448.931 -38.279
449.121 44.721
449.310 97.720
449.500 70.720
449.690 43.720
449.880 83.720
450.069 25.720
450.259 64.719
450.449 87.719
450.639 25.719
450.828 21.719
451.018 62.719
451.208 54.719
451.397 113.718
451.587 6.718
451.777 28.718
451.967 49.718
452.156 65.718
452.346 20.717
452.536 59.717
452.725 54.717
452.915 46.717
453.105 38.717
453.295 69.716
453.484 45.716
453.674 43.716
453.864 31.716
454.054 42.716
454.243 9.716
454.433 44.715
454.623 102.715
454.812 68.715
455.002 34.715
455.192 24.715
455.382 35.714
455.571 56.714
455.761 29.714
455.951 63.714
456.141 47.714
456.330 53.713
456.520 41.713
456.710 3.713
456.899 59.713
457.089 1.713
457.279 45.712
457.469 49.712
457.658 73.712
457.848 3.712
458.038 46.712
458.228 109.711
458.417 74.711
458.607 35.711
458.797 42.711
458.986 52.711
459.176 39.711
459.366 -7.290
459.556 14.710
459.745 18.710
459.935 58.710
460.125 64.710
460.314 80.709
460.504 62.709
460.694 68.709
460.884 29.709
461.073 47.709
461.263 22.708
461.453 41.708
461.643 59.708
461.832 41.708
462.022 41.708
462.212 66.707
462.401 38.707
462.591 59.707
462.781 37.707
462.971 29.707
463.160 6.706
463.350 82.706
463.540 57.706
463.730 4.706
463.919 23.706
464.109 47.705
464.299 41.705
464.488 60.705
464.678 75.705
464.868 83.705
465.058 59.704
465.247 39.704
465.437 102.704
465.627 70.704
465.816 11.704
466.006 31.703
466.196 44.703
466.386 93.703
466.575 69.703
466.765 49.703
466.955 74.702
467.145 36.702
467.334 90.702
467.524 76.702
467.714 61.702
467.903 41.701
468.093 29.701
468.283 49.701
468.473 108.701
468.662 9.700
468.852 59.700
469.042 26.700
469.232 46.700
469.421 39.700
469.611 24.699
469.801 55.699
469.990 38.699
470.180 60.699
470.370 30.699
470.560 71.698
470.749 85.698
470.939 94.698
471.129 38.698
471.318 45.698
471.508 53.697
471.698 58.697
471.888 66.697
472.077 37.697
472.267 27.697
472.457 96.696
472.647 36.696
472.836 -2.304
473.026 50.696
473.216 118.695
473.405 49.695
473.595 80.695
473.785 56.695
473.975 28.695
474.164 40.694
474.354 46.694
474.544 39.694
474.734 81.694
474.923 51.694
475.113 56.693
475.303 45.693
475.492 77.693
475.682 74.693
475.872 108.693
476.062 54.692
476.251 74.692
476.441 80.692
476.631 101.692
476.821 27.691
477.010 53.691
477.200 62.691
477.390 74.691
477.579 22.691
477.769 69.690
477.959 76.690
478.149 59.690
478.338 86.690
478.528 67.690
478.718 59.689
478.907 62.689
479.097 46.689
479.287 50.689
479.477 68.688
479.666 100.688
479.856 89.688
480.046 125.688
480.236 70.688
480.425 34.687
480.615 85.687
480.805 73.687
480.994 49.687
481.184 31.686
481.374 39.686
481.564 68.686
481.753 52.686
481.943 56.686
482.133 26.685
482.323 74.685
482.512 154.685
482.702 65.685
482.892 21.684
483.081 74.684
483.271 41.684
483.461 42.684
483.651 75.684
483.840 50.683
484.030 57.683
484.220 76.683
484.409 18.683
484.599 37.682
484.789 41.682
484.979 59.682
485.168 104.682
485.358 82.682
485.548 86.681
485.738 150.681
485.927 116.681
486.117 74.681
486.307 67.680
486.496 20.680
486.686 46.680
486.876 86.680
487.066 126.680
487.255 95.679
487.445 52.679
487.635 62.679
487.825 122.679
488.014 101.678
488.204 98.678
488.394 51.678
488.583 95.678
488.773 72.677
488.963 121.677
489.153 102.677
489.342 59.677
489.532 70.677
489.722 84.676
489.912 71.676
490.101 42.676
490.291 82.676
490.481 88.675
490.670 117.675
490.860 110.675
491.050 34.675
491.240 78.674
491.429 134.674
491.619 134.674
491.809 110.674
491.998 71.674
492.188 75.673
492.378 53.673
492.568 66.673
492.757 51.673
492.947 97.672
493.137 76.672
493.327 76.672
493.516 79.672
493.706 115.671
493.896 110.671
494.085 106.671
494.275 102.671
494.465 80.670
494.655 46.670
494.844 90.670
495.034 108.670
495.224 94.670
495.414 52.669
495.603 72.669
495.793 102.669
495.983 121.669
496.172 111.668
496.362 87.668
496.552 90.668
496.742 69.321
496.931 50.365
497.121 54.287
497.311 73.082
497.500 79.947
497.690 109.571
497.880 86.712
498.070 72.792
498.259 116.156
498.449 133.792
498.639 84.399
498.829 92.190
499.018 94.066
499.208 74.327
499.398 79.160
499.587 108.601
499.777 127.121
499.967 95.655
500.157 101.432
500.346 78.849
500.536 108.175
500.726 54.358
500.916 44.549
501.105 113.706
501.295 131.249
501.485 105.805
501.674 104.831
501.864 113.483
502.054 88.106
502.244 26.881
502.433 110.350
502.623 88.990
502.813 29.738
503.003 146.130
503.192 114.011
503.382 109.166
503.572 64.592
503.761 104.320
503.951 86.794
504.141 55.816
504.331 65.496
504.520 65.496
504.710 119.707
504.900 149.716
505.089 154.556
505.279 109.163
505.469 177.962
505.659 110.132
505.848 93.659
506.038 98.503
506.228 142.108
506.418 104.317
506.607 123.696
506.797 156.642
506.987 182.805
507.176 145.014
507.366 135.192
507.556 156.489
507.746 166.009
507.935 167.943
508.125 171.645
508.315 199.471
508.505 233.255
508.694 248.459
508.884 219.529
509.074 218.565
509.263 182.884
509.453 233.029
509.643 200.242
509.833 203.134
510.022 149.132
510.212 212.983
510.402 236.148
510.592 231.545
510.781 184.202
510.971 212.426
511.161 173.910
511.350 198.303
511.540 176.016
511.730 189.765
511.920 305.483
512.109 238.724
512.299 223.175
512.489 188.372
512.678 166.160
512.868 170.220
513.058 176.240
513.248 158.679
513.437 116.841
513.627 174.629
513.817 215.684
514.007 190.455
514.196 242.551
514.386 208.270
514.576 242.788
514.765 180.043
514.955 178.256
515.145 135.077
515.335 140.964
515.524 206.918
515.714 155.837
515.904 155.837
516.094 207.900
516.283 210.846
516.473 158.939
516.663 213.020
516.852 169.755
517.042 209.086
517.232 141.239
517.422 116.657
517.611 154.021
517.801 151.071
517.991 190.402
518.180 125.629
518.370 153.187
518.560 137.439
518.750 140.392
518.939 174.668
519.129 151.069
519.319 152.052
519.509 199.250
519.698 188.433
519.888 207.894
520.078 150.919
520.267 116.538
520.457 157.795
520.647 206.708
520.837 120.348
521.026 172.191
521.216 171.210
521.406 163.367
521.596 168.104
521.785 170.062
521.975 142.498
522.165 130.756
522.354 143.336
522.544 168.751
522.734 121.711
522.924 144.172
523.113 113.787
523.303 145.006
523.493 151.687
523.683 212.116
523.872 177.829
524.062 142.636
524.252 181.547
524.441 159.990
524.631 213.232
524.821 194.597
525.011 174.059
525.200 113.012
525.390 178.730
525.580 170.820
525.769 144.568
525.959 130.914
526.149 121.145
526.339 144.149
526.528 131.498
526.718 139.197
526.908 168.871
527.098 186.000
527.287 119.602
527.477 143.456
527.667 118.415
527.856 154.665
528.046 83.851
528.236 126.791
528.426 204.034
528.615 148.637
528.805 158.037
528.995 197.159
529.185 137.867
529.374 176.952
529.564 183.624
529.754 151.356
529.943 174.257
530.133 161.852
530.323 94.194
530.513 134.436
530.702 180.325
530.892 172.050
531.082 146.327
531.271 109.040
531.461 138.923
531.651 151.702
531.841 177.860
532.030 145.384
532.220 195.955
532.410 165.327
532.600 189.920
532.789 163.051
532.979 120.484
533.169 154.899
533.358 145.417
533.548 178.229
533.738 195.295
533.928 168.094
534.117 166.451
534.307 168.925
534.497 145.451
534.687 195.441
534.876 177.725
535.066 128.229
535.256 159.454
535.445 112.725
535.635 197.006
535.825 187.362
536.015 228.756
536.204 184.720
536.394 143.617
536.584 165.938
536.773 175.187
536.963 196.576
537.153 206.886
537.343 210.131
537.532 214.397
537.722 198.185
537.912 202.238
538.102 177.088
538.291 192.300
538.481 217.655
538.671 177.267
538.860 155.946
539.050 145.794
539.240 211.783
539.430 227.011
539.619 214.828
539.809 259.498
539.999 202.440
540.189 193.311
540.378 221.709
540.568 206.495
540.758 192.296
540.947 244.020
541.137 256.190
541.327 220.693
541.517 236.920
541.706 259.232
541.896 228.023
542.086 197.565
542.276 202.641
542.465 234.113
542.655 215.042
542.845 201.830
543.034 261.789
543.224 233.571
543.414 209.155
543.604 280.366
543.793 238.656
543.983 242.725
544.173 289.815
544.362 256.210
544.552 291.851
544.742 259.264
544.932 234.824
545.121 249.080
545.311 297.960
545.501 238.896
545.691 334.619
545.880 256.207
546.070 219.547
546.264 301.013
546.459 343.783
546.653 309.159
546.847 253.151
547.041 338.690
547.236 248.058
547.430 277.590
547.624 324.432
547.818 265.369
548.013 313.230
548.207 286.026
548.401 397.137
548.596 379.807
548.790 373.691
548.984 359.786
549.178 365.908
549.373 361.826
549.567 374.071
549.761 309.785
549.956 397.540
550.150 356.723
550.344 374.070
550.538 349.579
550.733 384.273
550.927 418.966
551.121 378.784
551.315 421.597
551.510 407.325
551.704 424.654
551.898 448.099
552.093 479.699
552.287 417.518
552.481 474.602
552.675 447.079
552.870 430.768
553.064 532.162
553.258 498.557
553.453 525.033
553.647 534.198
553.841 521.978
554.035 591.224
554.230 531.619
554.424 553.999
554.618 531.618
554.812 555.016
555.007 563.154
555.201 559.532
555.395 568.678
555.590 658.109
555.784 641.848
555.978 634.090
556.172 632.059
556.367 670.637
556.561 763.263
556.755 692.269
556.949 688.528
557.144 791.871
557.338 803.215
557.532 768.801
557.727 811.502
557.921 766.001
558.115 824.823
558.309 797.754
558.504 754.363
558.698 845.336
558.892 863.481
559.087 950.224
559.281 938.202
559.475 952.286
559.669 950.323
559.864 1027.710
560.058 916.236
560.252 1004.585
560.446 1005.587
560.641 1068.707
560.835 1057.685
561.029 1088.658
561.224 1161.569
561.418 1143.569
561.612 1162.406
561.806 1158.410
562.001 1186.195
562.195 1201.165
562.389 1277.013
562.584 1291.691
562.778 1343.536
562.972 1377.058
563.166 1411.918
563.361 1434.826
563.555 1452.754
563.749 1402.552
563.943 1451.307
564.138 1531.904
564.332 1547.824
564.526 1603.545
564.721 1582.649
564.915 1599.962
565.109 1666.562
565.303 1752.049
565.498 1710.299
565.692 1785.846
565.886 1819.643
566.081 1827.594
566.275 1896.286
566.469 1893.306
566.663 1987.645
566.858 1926.076
567.052 2139.581
567.246 2058.151
567.440 2135.608
567.635 2245.836
567.829 2202.142
568.023 2344.147
568.218 2365.001
568.412 2288.536
568.606 2327.264
568.800 2416.638
568.995 2535.342
569.189 2625.799
569.383 2568.710
569.577 2628.411
569.772 2690.103
569.966 2706.726
570.160 2824.255
570.355 2839.195
570.549 2998.556
570.743 2935.744
570.937 3031.488
571.132 3080.390
571.326 3141.409
571.520 3157.392
571.715 3308.549
571.909 3313.549
572.103 3446.996
572.297 3482.030
572.492 3567.683
572.686 3668.885
572.880 3694.631
573.074 3699.646
573.269 3796.733
573.463 3885.976
573.657 3928.186
573.852 4055.880
574.046 4093.103
574.240 4189.873
574.434 4174.767
574.629 4309.016
574.823 4418.894
575.017 4462.707
575.212 4527.821
575.406 4640.952
575.600 4702.267
575.794 4813.301
575.989 4957.025
576.183 4986.363
576.377 5144.564
576.571 5246.233
576.766 5388.365
576.960 5464.979
577.159 5621.097
577.357 5651.261
577.556 5828.275
577.755 5857.691
577.953 5962.717
578.152 6211.399
578.350 6280.263
578.549 6261.062
578.748 6607.326
578.946 6546.751
579.145 6678.864
579.344 6888.524
579.542 6991.299
579.741 7238.741
579.940 7488.227
580.138 7490.300
580.337 7735.448
580.535 7897.481
580.734 8018.871
580.933 8185.311
581.131 8572.399
581.330 8817.891
581.529 8786.247
581.727 9104.844
581.926 9241.288
582.125 9520.447
582.323 9815.008
582.522 10260.661
582.721 10161.111
582.919 10458.278
583.118 10635.545
583.316 10798.562
583.515 11163.936
583.714 11632.905
583.912 11686.194
584.111 11909.860
584.310 12063.966
584.508 12525.910
584.707 12503.850
584.906 12734.024
585.104 13237.867
585.303 13519.051
585.501 13737.438
585.700 13911.311
585.899 14238.183
586.097 14511.857
586.296 14838.713
586.495 15023.197
586.693 15369.460
586.892 15868.987
587.091 16269.175
587.289 16461.228
587.488 16932.372
587.686 17180.414
587.885 17472.528
588.084 17866.840
588.282 18199.730
588.481 18618.723
588.680 19171.429
588.878 19595.546
589.077 20021.401
589.276 20552.344
589.474 20853.961
589.673 21190.012
589.871 21630.964
590.070 22026.227
590.269 22685.902
590.467 23091.050
590.666 23609.266
590.865 23943.235
591.063 24635.029
591.262 24997.624
591.461 25435.600
591.659 25837.317
591.858 26570.686
592.056 27038.689
592.255 27699.625
592.454 28201.057
592.652 28875.364
592.851 29407.360
593.050 29940.311
593.248 30424.551
593.447 30898.285
593.646 31681.475
593.844 32337.635
594.043 33092.260
594.241 33562.622
594.440 34075.050
594.639 34932.603
594.837 35423.042
595.036 36128.586
595.235 36693.596
595.433 37219.408
595.632 38043.541
595.831 38724.880
596.029 39332.535
596.228 39793.779
596.427 40455.979
596.625 41262.677
596.824 41576.553
597.022 42344.973
597.221 42846.408
597.420 43454.063
597.618 44493.297
597.817 44840.665
598.016 45528.703
598.214 45956.495
598.413 46669.688
598.612 47091.294
598.810 47771.026
599.009 48466.054
599.207 48781.541
599.406 49308.309
599.605 49873.318
599.803 50248.797
600.002 50796.075
600.201 51459.876
600.399 51826.637
600.598 52188.624
600.797 52630.839
600.995 52652.806
601.194 52984.229
601.392 53575.441
601.591 53526.730
601.790 53712.021
601.988 54100.750
602.187 54324.890
602.386 54400.272
602.584 54608.287
602.783 54385.004
602.982 54635.957
603.180 54493.311
603.379 54388.448
603.577 54399.887
603.776 54209.229
603.975 54148.077
604.173 53774.743
604.372 53715.695
604.571 53256.647
604.769 53142.361
604.968 52864.265
605.167 52433.376
605.365 52121.292
605.564 51464.774
605.762 51215.487
605.961 50524.217
606.160 50274.217
606.358 49565.091
606.557 49182.010
606.756 48541.761
606.954 48098.266
607.153 47381.266
607.352 46707.002
607.550 46278.701
607.749 45885.539
607.948 44979.555
608.146 44527.513
608.345 43992.850
608.543 43337.258
608.742 42753.766
608.941 41855.284
609.139 41636.118
609.338 41028.907
609.537 40662.683
609.735 40130.424
609.934 39844.845
610.133 39322.074
610.331 38770.840
610.530 38708.221
610.728 38387.538
610.927 37971.978
611.126 37705.094
611.324 37388.854
611.523 37287.239
611.722 37032.728
611.920 36732.632
612.119 36742.129
612.318 36722.185
612.516 36258.993
612.715 36586.939
612.913 36306.520
613.112 36132.692
613.311 35871.036
613.509 35888.162
613.708 35818.531
613.907 35896.626
614.105 35506.149
614.304 35352.198
614.503 35255.916
614.701 35032.877
614.900 34801.006
615.098 34416.862
615.297 34057.740
615.496 33893.359
615.694 33580.739
615.893 33479.858
616.092 32819.571
616.290 32400.815
616.489 32010.978
616.688 31854.698
616.886 31340.163
617.085 30827.521
617.283 30346.252
617.482 29825.431
617.681 29105.238
617.879 28570.209
618.078 28160.199
618.277 27685.401
618.475 26795.227
618.674 26264.653
618.873 25811.422
619.071 25024.560
619.270 24557.378
619.468 23878.689
619.667 23298.978
619.866 22770.253
620.064 22117.562
620.263 21661.608
620.462 20893.837
620.660 20400.039
620.859 20125.547
621.058 19228.581
621.256 18615.959
621.455 18177.296
621.654 17602.565
621.852 17143.421
622.051 16543.755
622.249 16025.741
622.448 15678.787
622.647 15137.009
622.845 14562.375
623.044 14105.892
623.243 13876.399
623.441 13372.857
623.640 12918.231
623.839 12504.336
624.037 12167.905
624.236 11797.679
624.434 11381.794
624.633 11212.394
624.832 10773.728
625.030 10381.560
625.229 9958.180
625.428 9650.371
625.626 9354.751
625.825 9186.443
626.024 8742.291
626.222 8467.414
626.421 8179.906
626.619 8060.636
626.818 7767.446
627.017 7560.694
627.215 7339.350
627.414 7150.763
627.613 7006.351
627.811 6749.921
628.010 6524.178
628.209 6336.392
628.407 6039.067
628.606 5930.971
628.804 5706.764
629.003 5503.390
629.202 5518.785
629.400 5297.335
629.599 5127.523
629.798 5001.407
629.996 4718.106
630.195 4636.594
630.394 4546.680
630.592 4467.077
630.791 4350.659
630.990 4047.176
631.188 4046.180
631.387 3967.573
631.585 3895.930
631.784 3717.820
631.983 3698.914
632.181 3562.595
632.380 3400.406
632.579 3379.510
632.777 3260.365
632.976 3097.018
633.175 2972.515
633.373 2877.893
633.572 2780.283
633.770 2730.213
633.969 2757.132
634.168 2682.356
634.366 2631.508
634.565 2518.365
634.764 2385.630
634.962 2465.469
635.161 2410.579
635.360 2287.824
635.558 2271.855
635.757 2149.100
635.955 2128.141
636.154 2024.348
636.353 2055.286
636.551 1955.485
636.750 1829.736
636.949 1884.625
637.147 1766.860
637.346 1733.926
637.545 1662.069
637.743 1669.054
637.942 1602.187
638.140 1567.257
638.339 1474.966
638.538 1431.097
638.736 1480.946
638.935 1387.227
639.134 1354.325
639.332 1313.447
639.531 1331.393
639.730 1306.467
639.928 1230.694
640.127 1193.804
640.325 1194.800
640.524 1172.865
640.723 1167.880
640.921 1121.020
641.120 1050.181
641.319 1081.057
641.517 1007.352
641.716 983.447
641.915 1055.159
642.113 970.497
642.312 998.387
642.510 942.665
642.709 908.833
642.908 844.156
643.106 905.940
643.305 799.578
643.504 853.255
643.702 860.213
643.901 874.254
644.100 802.754
644.298 786.864
644.497 774.178
644.696 739.456
644.894 716.638
645.093 724.846
645.291 707.997
645.490 711.961
645.689 701.355
645.887 713.235
646.086 654.819
646.285 640.957
646.483 646.257
646.682 611.637
646.881 611.636
647.079 576.446
647.278 603.126
647.476 624.864
647.675 569.952
647.874 575.875
648.072 493.452
648.271 576.292
648.470 564.457
648.668 530.403
648.867 541.239
649.066 558.973
649.264 600.745
649.463 587.949
649.661 484.602
649.860 495.924
650.059 475.275
650.257 462.491
650.456 480.700
650.655 395.238
650.853 427.234
651.052 501.817
651.251 463.543
651.449 455.245
651.648 535.636
651.846 445.003
652.045 442.064
652.244 405.428
652.442 476.856
652.641 390.367
652.840 404.052
653.038 419.282
653.237 413.422
653.436 405.213
653.634 435.456
653.833 432.107
654.032 335.615
654.230 342.104
654.429 333.340
654.627 316.786
654.826 382.625
655.025 380.679
655.223 345.323
655.422 350.181
655.621 339.161
655.819 362.461
656.018 325.568
656.217 313.612
656.415 336.890
656.614 370.477
656.812 315.244
657.011 382.104
657.210 380.165
657.408 357.531
657.607 330.425
657.806 318.808
658.004 295.288
658.203 293.353
658.402 327.202
658.600 372.655
658.799 317.222
658.997 288.236
659.196 309.492
659.395 287.269
659.593 277.606
659.792 285.335
659.991 258.281
660.189 212.664
660.388 313.050
660.587 259.960
660.785 282.160
660.984 308.222
661.182 267.680
661.381 274.436
661.580 266.714
661.778 224.459
661.977 226.390
662.176 241.849
662.374 270.833
662.573 307.548
662.772 264.069
662.970 247.643
663.169 247.882
663.367 268.191
663.566 239.176
663.765 280.762
663.963 197.589
664.162 253.681
664.361 257.549
664.559 239.173
664.758 243.041
664.957 210.158
665.155 167.604
665.354 208.424
665.552 227.784
665.751 248.113
665.950 228.751
666.148 266.504
666.347 252.951
666.546 222.941
666.744 238.660
666.943 203.775
667.142 182.457
667.340 228.968
667.539 202.804
667.738 221.429
667.936 219.488
668.135 204.939
668.333 187.661
668.532 165.330
668.731 155.621
668.929 169.212
669.128 138.144
669.327 164.516
669.525 209.219
669.724 178.294
669.923 218.176
670.121 179.265
670.320 179.439
670.518 168.727
670.717 224.447
670.916 203.978
671.114 183.688
671.313 192.468
671.512 169.053
671.710 243.436
671.909 212.185
672.108 239.762
672.306 170.358
672.505 188.136
672.703 217.490
672.902 143.125
673.101 181.462
673.299 149.140
673.498 156.149
673.697 145.364
673.895 158.263
674.094 189.666
674.293 199.674
674.491 178.063
674.690 198.691
674.888 148.738
675.087 165.453
675.286 167.583
675.484 121.323
675.683 150.998
675.882 184.495
676.080 141.284
676.279 133.393
676.478 233.228
676.676 143.537
676.875 160.334
677.073 179.285
677.272 139.720
677.471 153.719
677.669 152.728
677.868 128.102
678.067 196.485
678.265 134.046
678.464 125.250
678.663 128.225
678.861 89.534
679.060 138.282
679.259 163.107
679.457 170.058
679.656 165.256
679.854 167.243
680.053 138.553
680.252 156.463
680.450 134.705
680.649 146.657
680.848 117.889
681.046 113.900
681.245 154.931
681.444 151.936
681.642 115.009
681.841 128.110
682.039 165.238
682.238 122.237
682.437 127.236
682.635 145.380
682.834 96.331
683.033 191.425
683.231 121.476
683.430 90.413
683.629 126.611
683.827 172.748
684.026 128.615
684.224 119.707
684.423 121.714
684.622 59.465
684.820 122.717
685.019 144.804
685.218 97.713
685.416 116.807
685.615 111.781
685.814 120.826
686.012 107.868
686.211 114.909
686.409 136.035
686.608 118.932
686.807 125.973
687.005 124.966
687.204 149.110
687.403 107.862
687.601 129.994
687.800 135.023
687.999 139.047
688.197 177.454
688.396 134.150
688.594 113.001
688.793 120.049
688.992 172.415
689.190 76.744
689.389 119.040
689.588 160.328
689.786 115.010
689.985 117.023
690.184 94.867
690.382 102.922
690.581 108.964
690.779 98.892
690.978 159.154
691.177 141.045
691.375 149.092
691.574 97.783
691.773 92.752
691.971 140.035
692.170 121.926
692.369 106.834
692.567 114.766
692.766 126.825
692.965 187.126
693.163 170.040
693.362 101.697
693.560 142.759
693.759 102.597
693.958 120.669
694.156 105.608
694.355 160.827
694.554 83.517
694.752 99.581
694.951 137.594
695.150 117.533
695.348 98.475
695.547 147.622
695.745 48.274
695.944 99.376
696.143 102.381
696.341 104.384
696.540 152.326
696.743 125.299
696.946 123.296
697.149 131.171
697.352 143.170
697.555 135.170
697.757 92.077
697.960 58.110
698.163 106.061
698.366 126.912
698.569 153.857
698.772 138.886
698.975 101.857
699.178 108.836
699.381 101.754
699.584 78.845
699.787 115.581
699.989 154.386
700.192 128.387
700.395 101.547
700.598 113.475
700.801 109.389
701.004 95.485
701.207 85.469
701.410 79.516
701.613 95.293
701.816 81.417
702.019 69.454
702.221 58.562
702.424 95.101
702.627 62.459
702.830 65.361
703.033 84.134
703.236 105.768
703.439 49.499
703.642 61.344
703.845 112.564
704.048 111.577
704.251 119.348
704.453 119.347
704.656 108.402
704.859 100.527
705.062 82.728
705.265 89.610
705.468 106.220
705.671 97.378
705.874 167.939
706.077 85.505
706.280 153.067
706.483 104.046
706.685 105.902
706.888 25.588
707.091 72.529
707.294 76.442
707.497 129.152
707.700 132.083
707.903 75.313
708.106 98.749
708.309 54.749
708.512 103.529
708.715 89.869
708.917 123.894
709.120 152.158
709.323 128.640
709.526 57.558
709.729 83.766
709.932 76.955
710.135 122.674
710.338 117.695
710.541 128.384
710.744 121.580
710.947 90.393
711.149 96.217
711.352 83.595
711.555 111.641
711.758 70.903
711.961 131.038
712.164 115.518
712.367 135.885
712.570 84.396
712.773 109.589
712.976 150.285
713.179 106.680
713.381 64.043
713.584 99.895
713.787 128.839
713.990 130.774
714.193 117.220
714.396 99.794
714.599 123.026
714.802 125.929
715.005 90.110
715.208 93.981
715.411 127.862
715.613 109.468
715.816 126.892
716.019 149.156
716.222 83.328
716.425 129.793
716.628 81.468
716.831 75.653
717.034 86.311
717.237 91.243
717.440 111.611
717.643 129.194
717.845 94.241
718.048 135.148
718.251 119.598
718.454 107.067
718.657 107.066
718.860 108.143
719.063 70.236
719.266 124.816
719.469 107.375
719.672 77.206
719.875 89.010
720.077 108.666
720.280 91.052
720.483 65.675
720.686 62.797
720.889 126.646
721.092 151.327
721.295 141.642
721.498 96.505
721.701 138.826
721.904 81.819
722.107 97.678
722.309 108.525
722.512 109.618
722.715 49.448
722.918 70.198
723.121 75.212
723.324 136.536
723.527 109.938
723.730 137.659
723.933 71.322
724.136 37.694
724.339 84.274
724.541 94.184
724.744 57.570
724.947 100.227
725.150 115.107
725.353 97.249
725.556 134.087
725.759 166.856
725.962 125.147
726.165 100.320
726.368 137.198
726.571 135.208
726.773 140.177
726.976 108.367
727.179 138.187
727.382 106.483
727.585 109.466
727.788 133.346
727.991 112.449
728.194 130.358
728.397 102.497
728.600 83.590
728.803 85.579
729.005 87.568
729.208 116.422
729.411 147.267
729.614 108.459
729.817 106.468
730.020 100.497
730.223 81.590
730.426 107.460
730.629 161.190
730.832 137.308
731.035 86.647
731.237 122.502
731.440 118.517
731.643 113.535
731.846 124.614
732.049 120.625
732.252 99.687
732.455 105.668
732.658 103.672
732.861 169.474
733.064 177.448
733.267 141.696
733.469 97.783
733.672 58.859
733.875 130.714
734.078 72.829
734.281 79.814
734.484 99.772
734.687 132.838
734.890 138.831
735.093 102.865
735.296 107.859
735.499 98.867
735.701 143.821
735.904 152.963
736.107 94.962
736.310 172.961
736.513 147.106
736.716 167.125
736.919 148.105
737.122 156.268
737.325 113.180
737.528 166.452
737.731 117.303
737.933 143.380
738.136 147.539
738.339 152.558
738.542 113.400
738.745 155.724
738.948 164.767
739.151 164.766
739.354 149.689
739.557 109.487
739.760 110.602
739.963 134.745
740.165 136.756
740.368 113.616
740.571 130.849
740.774 168.108
740.977 148.973
741.180 140.915
741.383 193.281
741.586 176.337
741.789 191.457
741.992 123.915
742.195 140.043
742.397 152.138
742.600 136.145
742.803 147.243
743.006 122.015
743.209 168.601
743.412 98.903
743.615 116.073
743.818 112.032
744.021 147.384
744.224 173.645
744.427 181.724
744.629 178.873
744.832 158.650
745.035 132.359
745.238 145.502
745.441 107.078
745.644 104.043
745.847 109.097
746.050 145.496
746.253 167.740
746.456 121.349
746.659 160.822
746.861 163.857
747.064 186.122
747.267 128.429
747.470 146.646
747.673 100.086
747.876 161.662
748.079 154.582
748.282 145.481
748.485 172.780
748.688 135.367
748.891 157.610
749.093 183.898
749.296 173.785
749.499 172.772
749.702 180.860
749.905 161.647
750.108 122.212
750.311 160.471
750.514 174.787
750.717 82.774
750.920 142.428
751.123 111.082
751.325 139.392
751.528 121.068
751.731 131.167
751.934 116.014
752.137 171.568
752.340 131.163
752.543 128.131
752.746 167.354
752.949 133.044
753.152 104.788
753.355 145.150
753.557 129.881
753.760 112.743
753.963 177.079
754.166 141.831
754.369 132.766
754.572 100.538
754.775 153.911
754.978 162.808
755.181 166.831
755.384 89.365
755.587 103.448
755.789 107.470
755.992 146.704
756.195 159.781
756.398 149.719
756.601 127.585
756.804 78.288
757.007 121.546
757.210 115.508
757.413 105.340
757.616 143.529
757.819 136.492
758.021 155.586
758.224 141.514
758.427 146.391
758.630 134.341
758.833 89.159
759.036 119.278
759.239 130.320
759.442 79.114
759.645 105.111
759.848 118.149
760.051 119.150
760.253 98.085
760.456 111.011
760.659 100.990
760.862 116.018
761.065 124.910
761.268 97.881
761.471 102.884
761.674 107.888
761.877 145.778
762.080 89.776
762.283 86.775
762.485 93.773
762.688 129.772
762.891 130.639
763.094 70.698
763.297 59.707
763.500 81.683
763.706 59.704
763.912 113.648
764.118 133.626
764.325 125.633
764.531 95.566
764.737 67.620
764.943 115.522
765.149 56.638
765.355 105.539
765.561 105.537
765.768 132.482
765.974 113.405
766.180 79.505
766.386 130.351
766.592 105.424
766.798 107.416
767.004 69.528
767.210 49.586
767.417 107.411
767.623 91.457
767.829 114.386
768.035 130.337
768.241 79.488
768.447 106.405
768.653 92.353
768.860 89.364
769.066 80.398
769.272 56.492
769.478 99.318
769.684 50.512
769.890 81.306
770.096 59.413
770.303 77.322
770.509 73.340
770.715 15.627
770.921 33.536
771.127 39.504
771.333 49.453
771.539 89.252
771.745 71.340
771.952 14.621
772.158 64.371
772.364 118.100
772.570 68.347
772.776 41.439
772.982 69.270
773.188 35.471
773.395 89.147
773.601 85.169
773.807 50.376
774.013 73.237
774.219 51.366
774.425 58.323
774.631 31.482
774.838 44.403
775.044 49.371
775.250 25.512
775.456 97.081
775.662 60.300
775.868 75.209
776.074 28.487
776.281 66.259
776.487 58.304
776.693 92.100
776.899 16.551
777.105 52.335
777.311 48.357
777.517 59.289
777.723 57.299
777.930 62.268
778.136 58.290
778.342 139.799
778.548 87.113
778.754 80.153
778.960 67.228
779.166 96.951
779.373 49.283
779.579 81.139
779.785 70.203
779.991 79.147
780.197 11.551
780.403 57.274
780.609 83.117
780.816 22.479
781.022 -1.379
781.228 74.165
781.434 76.151
781.640 123.863
781.846 81.198
782.052 83.187
782.259 51.344
782.465 61.292
782.671 62.285
782.877 92.134
783.083 77.283
783.289 50.389
783.495 85.248
783.701 92.218
783.908 46.399
784.114 28.469
784.320 47.391
784.526 26.473
784.732 70.295
784.938 37.462
785.144 71.358
785.351 39.452
785.557 99.271
785.763 98.272
785.969 109.237
786.175 89.294
786.381 73.413
786.587 91.375
786.794 69.417
787.000 40.433
787.206 56.383
787.412 64.357
787.618 84.379
787.824 38.469
788.030 48.447
788.236 136.269
788.443 65.409
788.649 -11.440
788.855 56.422
789.061 47.438
789.267 69.392
789.473 131.397
789.679 58.468
789.886 75.449
790.092 43.522
790.298 62.520
790.504 6.518
790.710 41.516
790.916 68.514
791.122 100.612
791.329 95.605
791.535 103.611
791.741 70.576
791.947 64.632
792.153 56.614
792.359 41.582
792.565 91.680
792.771 33.561
792.978 57.665
793.184 106.810
793.390 72.706
793.596 63.676
793.802 76.713
794.008 77.714
794.214 65.742
794.421 47.667
794.627 13.528
794.833 51.679
795.039 54.689
795.245 42.681
795.451 47.704
795.657 47.702
795.864 42.674
796.070 17.546
796.276 89.996
796.482 60.819
796.688 22.587
796.894 71.881
797.100 82.021
797.307 98.132
797.513 65.904
797.719 19.577
797.925 54.822
798.131 43.786
798.337 -7.628
798.543 41.765
798.749 93.174
798.956 50.833
799.162 31.709
799.368 74.088
799.574 84.177
799.780 86.193
799.986 48.904
800.192 48.901
800.399 66.071
800.605 45.866
800.811 48.894
801.017 66.130
801.223 121.739
801.429 114.659
801.635 99.490
801.842 91.398
802.048 63.085
802.254 12.526
802.460 22.658
802.666 85.408
802.872 67.187
803.078 109.695
803.285 101.595
803.491 82.362
803.697 37.825
803.903 71.223
804.109 90.452
804.315 68.182
804.521 -0.646
804.727 26.679
804.934 35.786
805.140 74.320
805.346 71.278
805.552 70.262
805.758 78.365
805.964 67.218
806.170 41.928
806.377 72.352
806.583 73.363
806.789 27.722
806.995 96.685
807.201 87.643
807.407 88.656
807.613 49.060
807.820 23.676
808.026 57.176
808.232 81.622
808.438 59.262
808.644 82.633
808.850 120.232
809.056 63.319
809.262 74.495
809.469 42.015
809.675 62.358
809.881 61.338
810.087 17.610
810.293 67.505
810.499 48.154
810.705 46.115
810.912 43.057
811.118 22.688
811.324 38.978
811.530 63.416
811.739 36.974
811.947 59.397
812.156 35.949
812.365 49.198
812.573 78.757
812.782 56.328
812.990 77.732
813.199 56.323
813.408 59.378
813.616 2.291
813.825 90.973
814.034 59.430
814.242 39.019
814.451 48.200
814.659 67.585
814.868 104.317
815.077 43.090
815.285 24.719
815.494 90.023
815.703 57.367
815.911 33.895
816.120 64.504
816.329 16.542
816.537 95.111
816.746 41.026
816.954 50.207
817.163 40.000
817.372 92.132
817.580 82.936
817.789 61.483
817.998 61.480
818.206 70.670
818.415 39.002
818.624 15.506
818.832 87.004
819.041 98.237
819.249 85.977
819.458 54.309
819.667 83.928
819.875 32.819
820.084 74.653
820.293 48.119
820.501 62.402
820.710 87.909
820.919 28.722
821.127 23.617
821.336 73.614
821.544 104.224
821.753 53.254
821.962 31.801
822.170 70.613
822.379 68.567
822.588 84.907
822.796 81.840
823.005 110.437
823.213 133.928
823.422 52.209
823.631 10.326
823.839 50.159
824.048 44.028
824.257 17.449
824.465 87.854
824.674 85.810
824.883 40.909
825.091 69.548
825.300 81.803
825.508 36.856
825.717 62.389
825.926 65.450
826.134 72.597
826.343 90.980
826.552 26.625
826.760 78.716
826.969 107.313
827.178 30.701
827.386 60.320
827.595 91.982
827.803 54.185
828.012 29.667
828.221 -5.066
828.429 101.162
828.638 116.480
828.847 61.319
829.055 149.160
829.264 99.106
829.472 48.030
829.681 18.386
829.890 63.345
830.098 70.492
830.307 75.519
830.516 89.801
830.724 98.982
830.933 89.795
831.142 98.975
831.350 110.196
831.559 29.550
831.767 80.515
831.976 62.163
832.185 54.005
832.393 49.924
832.602 112.102
832.811 51.956
833.019 12.197
833.228 19.329
833.437 20.345
833.645 65.194
833.854 68.249
834.062 40.722
834.271 39.659
834.480 63.077
834.688 68.165
834.897 126.207
835.106 68.158
835.314 72.155
835.523 87.411
835.731 51.802
835.940 74.179
836.149 29.414
836.357 69.085
836.566 98.583
836.775 115.874
836.983 78.230
837.192 70.017
837.401 75.095
837.609 89.319
837.818 55.779
838.026 35.450
838.235 91.340
838.444 86.256
838.652 79.138
838.861 56.777
839.070 85.228
839.278 91.322
839.487 62.863
839.696 46.600
839.904 59.807
840.113 14.072
840.321 83.174
840.530 97.398
840.739 90.189
840.947 84.093
841.156 109.470
841.365 76.041
841.573 51.647
841.782 27.226
841.991 86.105
842.199 125.695
842.408 90.159
842.616 42.439
842.825 78.983
843.034 111.354
843.242 124.535
843.451 118.446
843.660 24.121
843.868 22.089
844.077 64.682
844.285 72.791
844.494 128.568
844.703 97.124
844.911 115.376
845.120 125.387
845.329 99.041
845.537 61.612
845.746 83.920
845.955 102.172
846.163 79.856
846.372 77.823
846.580 77.819
846.789 67.673
846.998 36.229
847.206 60.566
847.415 38.250
847.624 70.700
847.832 104.164
848.041 106.189
848.250 103.142
848.458 121.394
848.667 94.006
848.875 52.420
849.084 68.574
849.293 110.110
849.501 80.723
849.710 117.194
849.919 79.702
850.127 82.737
850.336 94.891
850.544 83.742
850.753 124.265
850.962 113.116
851.170 87.783
851.379 29.014
851.588 56.366
851.796 21.914
852.005 96.884
852.214 104.985
852.422 145.656
852.631 161.879
852.839 94.937
853.048 58.422
853.257 49.290
853.465 64.498
853.674 59.423
853.883 90.859
854.091 86.798
854.300 87.808
854.509 95.917
854.717 100.984
854.926 87.795
855.134 99.859
855.343 69.460
855.552 103.903
855.760 86.675
855.969 105.921
856.178 133.272
856.386 73.490
856.595 81.591
856.803 80.655
857.012 68.481
857.221 84.703
857.429 153.664
857.638 145.546
857.847 57.365
858.055 105.076
858.264 110.147
858.473 41.107
858.681 91.958
858.890 130.571
859.098 100.078
859.307 100.074
859.516 74.739
859.724 76.769
859.933 118.473
860.142 128.772
860.350 111.456
860.559 83.956
860.768 112.465
860.976 77.837
861.185 122.639
861.393 108.488
861.602 105.425
861.811 64.646
862.019 128.861
862.228 114.585
862.437 116.619
862.645 86.033
862.854 113.667
863.062 87.132
863.271 90.188
863.480 115.812
863.688 75.970
863.897 97.416
864.106 174.198
864.314 114.888
864.523 159.873
864.732 122.161
864.940 119.085
865.149 128.292
865.357 185.605
865.566 102.799
865.775 50.540
865.983 92.638
866.192 131.607
866.401 102.990
866.609 143.026
866.818 101.030
867.027 123.635
867.235 85.691
867.444 93.917
867.652 118.725
867.861 122.966
868.070 167.463
868.278 138.562
868.487 102.543
868.696 153.158
868.904 126.424
869.113 120.338
869.321 140.002
869.530 129.779
869.739 74.929
869.947 174.509
870.156 144.570
870.365 106.254
870.573 121.841
870.782 119.881
870.991 86.667
871.199 95.094
871.408 89.969
871.616 106.776
871.825 131.987
872.034 156.040
872.242 105.936
872.451 172.079
872.660 190.093
872.868 127.261
873.077 156.832
873.286 160.150
873.494 117.109
873.703 142.544
873.911 162.752
874.120 110.064
874.329 142.979
874.537 137.828
874.746 194.172
874.955 155.094
875.163 152.227
875.372 132.149
875.581 120.557
875.789 137.756
875.998 156.059
876.206 110.231
876.415 155.311
876.624 155.471
876.832 75.160
877.041 58.049
877.250 60.256
877.458 123.824
877.667 176.753
877.875 188.804
878.084 189.002
878.293 177.116
878.501 190.275
878.710 169.912
878.919 170.089
879.127 106.161
879.336 91.086
879.545 104.208
879.753 169.348
879.962 141.265
880.170 129.302
880.379 145.600
880.588 159.898
880.796 117.454
881.005 107.655
881.214 162.055
881.422 156.779
881.631 128.450
881.840 195.981
882.048 168.742
882.257 129.520
882.465 118.749
882.674 143.824
882.883 187.438
883.091 157.069
883.300 166.887
883.509 103.562
883.717 219.516
883.926 197.651
884.134 165.950
884.343 179.254
884.552 143.143
884.760 205.724
884.969 217.766
885.178 113.831
885.386 159.877
885.595 135.896
885.804 158.941
886.012 139.176
886.221 179.981
886.429 161.293
886.638 201.067
886.847 145.114
887.055 149.677
887.264 148.568
887.473 157.555
887.681 176.506
887.890 227.580
888.099 200.139
888.307 126.074
888.516 136.196
888.724 117.451
888.933 221.023
889.142 147.765
889.350 157.956
889.559 80.000
889.768 158.118
889.976 197.393
890.185 177.274
890.393 173.721
890.602 162.553
890.811 200.268
891.019 159.949
891.228 167.364
891.437 172.720
891.645 178.975
891.854 153.157
892.063 166.043
892.271 221.532
892.480 182.661
892.688 178.972
892.897 121.672
893.106 172.543
893.314 162.389
893.523 99.083
893.732 147.458
893.940 172.995
894.149 205.727
894.358 140.819
894.566 176.836
894.775 131.675
894.983 139.898
895.192 177.811
895.401 138.085
895.609 187.417
895.818 133.133
896.027 170.661
896.235 187.067
896.444 162.610
896.652 153.752
896.861 174.236
897.070 105.331
897.278 93.706
897.487 121.301
897.696 74.652
897.904 132.104
898.113 187.074
898.322 176.449
898.530 188.338
898.739 114.552
898.947 172.297
899.156 119.148
899.365 167.532
899.573 150.148
899.782 152.868
899.991 151.544
900.199 149.219
900.408 140.017
900.617 123.680
900.825 111.413
901.034 139.155
901.242 142.002
901.451 127.768
901.660 128.500
901.868 140.282
902.077 151.889
902.286 170.543
902.494 175.312
902.703 156.357
902.911 140.262
903.120 181.495
903.329 132.950
903.537 127.900
903.746 146.413
903.955 118.694
904.163 127.377
904.372 132.132
904.581 91.956
904.789 123.933
904.998 156.911
905.206 127.444
905.415 141.875
905.624 140.760
905.832 116.391
906.041 131.759
906.250 133.558
906.458 132.455
906.667 100.467
906.876 109.041
907.084 140.720
907.293 99.191
907.501 162.705
907.710 150.041
907.919 134.519
908.127 116.148
908.336 162.050
908.545 159.013
908.753 128.231
908.962 145.309
909.170 138.476
909.379 99.309
909.588 121.153
909.796 123.889
910.005 177.265
910.214 130.422
910.422 154.223
910.631 168.341
910.840 115.050
911.048 138.697
911.257 140.590
911.465 149.137
911.674 113.957
911.883 136.633
912.091 125.110
912.300 164.950
912.508 68.103
912.716 100.322
912.924 91.696
913.132 140.930
913.340 189.985
913.549 101.991
913.757 88.738
913.965 118.058
914.173 122.780
914.381 161.408
914.589 172.742
914.797 143.568
915.005 131.261
915.213 97.286
915.421 109.588
915.629 137.041
915.838 179.817
916.046 146.633
916.254 106.814
916.462 142.689
916.670 154.991
916.878 223.375
917.086 151.329
917.294 178.029
917.502 192.252
917.710 180.858
917.919 180.849
918.127 159.170
918.335 140.167
918.543 162.001
918.751 178.306
918.959 179.247
919.167 163.234
919.375 265.033
919.583 228.868
919.791 242.179
919.999 240.496
920.208 210.963
920.416 189.230
920.624 208.485
920.832 189.392
921.040 178.102
921.248 219.372
921.456 223.401
921.664 217.858
921.872 233.398
922.080 258.317
922.288 269.112
922.497 175.389
922.705 231.149
922.913 218.850
923.121 246.026
923.329 226.967
923.537 165.241
923.745 236.820
923.953 267.957
924.161 299.154
924.369 261.680
924.578 257.079
924.786 240.829
924.994 286.963
925.202 244.193
925.410 264.133
925.618 293.334
925.826 261.447
926.034 230.697
926.242 215.483
926.450 229.396
926.658 268.827
926.867 251.416
927.075 261.733
927.283 246.232
927.491 265.445
927.699 263.723
927.907 316.657
928.115 272.406
928.323 251.111
928.531 262.534
928.739 246.864
928.947 220.088
929.156 262.077
929.364 266.066
929.572 290.056
929.780 297.045
929.988 240.034
930.196 271.024
930.404 258.013
930.612 241.002
930.820 209.991
931.028 245.980
931.236 310.969
931.445 316.958
931.653 337.947
931.861 292.936
932.069 257.925
932.277 284.914
932.485 271.903
932.693 286.892
932.901 258.881
933.109 238.870
933.317 247.859
933.526 247.847
933.734 244.836
933.942 237.825
934.150 233.814
934.358 251.802
934.566 212.791
934.774 211.780
934.982 218.768
935.190 160.757
935.398 204.745
935.606 228.734
935.815 212.722
936.023 234.711
936.231 179.699
936.439 185.688
936.647 177.676
936.855 168.664
937.063 133.653
937.271 226.641
937.479 260.629
937.687 202.617
937.895 209.606
938.104 168.594
938.312 191.582
938.520 195.570
938.728 214.558
938.936 182.546
939.144 163.534
939.352 134.522
939.560 164.510
939.768 146.498
939.976 103.486
940.185 164.474
940.393 167.462
940.601 152.450
940.809 106.438
941.017 154.425
941.225 156.413
941.433 117.401
941.641 123.389
941.849 132.376
942.057 142.364
942.265 136.351
942.474 178.339
942.682 141.327
942.890 93.314
943.098 105.302
943.306 156.289
943.514 165.277
943.722 104.264
943.930 117.251
944.138 129.239
944.346 93.226
944.554 137.213
944.763 137.201
944.971 113.188
945.179 101.175
945.387 155.162
945.595 109.149
945.803 126.136
946.011 84.124
946.219 117.111
946.427 104.098
946.635 101.085
946.843 84.072
947.052 145.059
947.260 97.045
947.468 147.032
947.676 137.019
947.884 82.006
948.092 42.993
948.300 30.980
948.508 107.966
948.716 100.953
948.924 103.940
949.133 99.926
949.341 71.913
949.549 122.900
949.757 84.886
949.965 76.873
950.173 72.859
950.381 75.846
950.589 46.832
950.797 20.819
951.005 52.805
951.213 101.791
951.422 60.778
951.630 90.764
951.838 62.750
952.046 72.736
952.254 39.723
952.462 89.709
952.670 41.695
952.878 54.681
953.086 77.667
953.294 140.653
953.502 113.639
953.711 103.625
953.919 64.611
954.127 17.597
954.335 21.583
954.543 90.569
954.751 61.555
954.959 87.541
955.167 105.527
955.375 38.513
955.583 35.498
955.792 68.484
956.000 81.470
956.208 29.455
956.416 80.441
956.624 56.427
956.832 52.412
957.040 102.398
957.248 70.383
957.456 78.369
957.664 76.354
957.872 65.340
958.081 45.325
958.289 31.311
958.497 45.296
958.705 49.281
958.913 53.267
959.121 73.252
959.329 63.237
959.537 40.222
959.745 58.208
959.953 61.193
960.161 50.178
960.370 73.163
960.578 49.148
960.786 94.133
960.994 54.118
961.202 67.103
961.410 46.088
961.618 84.073
961.826 88.058
962.034 72.043
962.242 74.028
962.451 53.013
962.659 5.998
962.867 42.982
963.075 28.967
963.283 -12.048
963.491 33.937
963.699 54.921
963.907 43.906
964.115 37.891
964.323 46.875
964.531 55.860
964.740 82.844
964.948 69.829
965.156 104.813
965.364 73.798
965.572 73.782
965.780 64.767
965.999 15.751
966.218 -10.264
966.438 -9.280
966.657 83.704
966.876 81.689
967.095 67.673
967.315 57.657
967.534 62.641
967.753 3.626
967.972 -7.390
968.192 50.594
968.411 18.578
968.630 24.562
968.849 49.546
969.068 34.530
969.288 19.515
969.507 73.499
969.726 22.483
969.945 44.467
970.165 48.451
970.384 77.434
970.603 44.418
970.822 50.402
971.042 48.386
971.261 48.370
971.480 39.354
971.699 48.338
971.919 39.321
972.138 -26.695
972.357 -10.711
972.576 41.273
972.795 48.256
973.015 64.240
973.234 64.224
973.453 42.207
973.672 43.191
973.892 76.175
974.111 37.158
974.330 -24.858
974.549 36.125
974.769 32.109
974.988 35.092
975.207 34.076
975.426 15.059
975.646 54.043
975.865 31.026
976.084 42.010
976.303 21.993
976.522 53.977
976.742 6.960
976.961 10.943
977.180 82.927
977.399 69.910
977.619 53.893
977.838 92.877
978.057 37.860
978.276 57.843
978.496 48.826
978.715 43.810
978.934 4.793
979.153 1.776
979.372 30.759
979.592 38.742
979.811 41.726
980.030 29.709
980.249 62.692
980.469 36.675
980.688 30.658
980.907 -10.359
981.126 32.624
981.346 10.607
981.565 20.590
981.784 46.573
982.003 49.556
982.223 72.539
982.442 17.522
982.661 31.505
982.880 63.488
983.099 37.471
983.319 41.454
983.538 45.437
983.757 25.420
983.976 30.403
984.196 44.386
984.415 33.369
984.634 10.352
984.853 23.335
985.073 -14.682
985.292 32.301
985.511 58.284
985.730 62.267
985.949 38.250
986.169 52.233
986.388 -14.785
986.607 44.198
986.826 58.181
987.046 10.164
987.265 6.147
987.484 61.130
987.703 49.113
987.923 42.095
988.142 72.078
988.361 63.061
988.580 6.044
988.800 -12.973
989.019 35.010
989.238 46.993
989.457 -1.025
989.676 45.958
989.896 54.941
990.115 21.924
990.334 72.907
990.553 38.890
990.773 105.873
990.992 4.855
991.211 -2.162
991.430 -72.179
991.650 11.804
991.869 55.787
992.088 45.770
992.307 38.753
992.527 21.736
992.746 21.719
992.965 42.701
993.184 17.684
993.403 -2.333
993.623 7.650
993.842 42.633
994.061 36.616
994.280 69.599
994.500 67.582
994.719 33.565
994.938 24.548
995.157 36.531
995.377 -19.486
995.596 30.497
995.815 37.480
996.034 54.463
996.253 45.446
996.473 13.429
996.692 -64.588
996.911 30.395
997.130 16.379
997.350 8.362
997.569 71.345
997.788 -0.672
998.007 71.311
998.227 31.294
998.446 61.278
998.665 33.261
998.884 6.244
999.104 -7.773
999.323 25.211
999.542 -10.806
999.761 2.177
999.980 14.161
1000.200 27.144
1000.419 11.127
1000.638 36.111
1000.857 46.094
1001.077 8.078
1001.296 -6.939
1001.515 17.045
1001.734 -7.972
1001.954 -8.988
1002.173 34.995
1002.392 70.979
1002.611 55.963
1002.830 57.946
1003.050 22.930
1003.269 27.914
1003.488 -32.102
1003.707 13.881
1003.927 38.865
1004.146 -5.151
1004.365 1.833
1004.584 6.817
1004.804 17.801
1005.023 -11.215
1005.242 -14.231
1005.461 39.753
1005.681 7.737
1005.900 40.721
1006.119 38.705
1006.338 8.690
1006.557 -26.326
1006.777 12.658
1006.996 2.642
1007.215 -7.373
1007.434 -11.389
1007.654 -0.404
1007.873 41.580
1008.092 7.565
1008.311 51.549
1008.531 87.534
1008.750 25.518
1008.969 13.503
1009.188 80.488
1009.407 49.473
1009.627 39.457
1009.846 89.442
1010.065 -37.573
1010.284 34.412
1010.504 39.397
1010.723 32.382
1010.942 43.367
1011.161 42.352
1011.381 53.338
1011.600 58.323
1011.819 15.308
1012.038 9.294
1012.258 41.279
1012.477 8.264
1012.696 46.250
1012.915 55.236
1013.134 1.221
1013.354 25.207
1013.573 3.193
1013.792 -2.822
1014.011 28.164
1014.231 12.150
1014.450 -32.864
1014.669 4.122
1014.888 93.108
1015.108 32.095
1015.327 15.081
1015.546 38.067
1015.765 52.053
1015.984 1.040
1016.204 11.026
1016.423 25.013
1016.642 -15.001
1016.861 66.986
1017.081 -10.027
1017.300 16.959
1017.519 90.946
